id,nombre,documento,edad,semanas_cotizadas,lista_negra_6_meses,pre_pensionado,fondo_publico,fondo_civil,fondo,fondo_civil_opcional,genero,ciudad,pais,detalles
103741,Santiago,1694169294,29,718,True,False,...,Civil,Porvenir,...,Masculino,Almaty,Kazajistán,Si
103742,Juan Villa,1044706291,40,159,False,False,...,Civil,Porvenir,...,Masculino,La Paz,Bolivia,No
103743,Felipe,1572269462,67,490,False,False,Publico,...,Armada,Porvenir,Masculino,Quito,Ecuador,Si
103744,David,1735786063,59,361,False,False,Publico,...,Inpec,Old Mutual,Masculino,Múnich,Alemania,No Si
103745,Anuel,1923101197,50,464,False,False,Publico,...,Inpec,Old Mutual,Masculino,Dushanbe,Tayikistán,No No
103746,Ariel,1722968455,57,530,False,False,Publico,...,Inpec,Old Mutual,Masculino,Teherán,Irán,Si
103747,Ariel,1384888428,58,213,False,False,Publico,...,Inpec,Old Mutual,Masculino,Dubái,Emiratos Árabes Unidos,No Si
103748,Dahiana,1125467458,50,321,False,False,Publico,...,Policia,Proteccion,Femenino,Abu Dhabi,Emiratos Árabes Unidos,No No
103749,Lucia,1276490592,32,227,False,False,Publico,...,Minsalud,...,Femenino,Buenos Aires,Argentina,Si
103750,Kelly,1402094300,36,461,False,False,Publico,...,Minsalud,...,Femenino,Londres,Reino Unido,No
103751,Juliana,1557522201,65,886,False,False,Publico,...,Minterior,...,Femenino,Estambul,Turquía,Si
103752,Juliana,1182848031,62,249,False,False,Publico,...,Minterior,...,Femenino,Beirut,Líbano,No
103753,Felipe,1829069227,63,368,False,False,Publico,...,Armada,Colfondos,Masculino,Delhi,India,Si
103754,Nicolas,1219164545,50,615,False,False,...,Civil,Porvenir,...,Masculino,Bogotá,Colombia,No Si
103755,Espinoza,1925671068,29,456,False,False,...,Civil,Proteccion,...,Masculino,Monterrey,México,No No
103756,Paula,1106929937,33,262,False,False,...,Civil,Proteccion,...,Femenino,Roma,Italia,Si
103757,Pancho,1358838216,43,124,False,False,...,Civil,Colfondos,...,Masculino,Londres,Reino Unido,No
103758,Juana,1738308260,54,669,False,False,...,Civil,Colfondos,...,Femenino,Tokio,Japón,Si
103759,Orlando,1888346863,54,866,False,False,...,Civil,Old Mutual,...,Masculino,Mashhad,Irán,No
103760,Santiago,1074650487,28,119,True,False,...,Civil,Porvenir,...,Masculino,Bogotá,Colombia,Si
103761,Juan Villa,1157622985,43,651,False,False,...,Civil,Porvenir,...,Masculino,Taskent,Uzbekistán,No
103762,Felipe,1801054170,35,643,False,False,Publico,...,Armada,Porvenir,Masculino,Almaty,Kazajistán,Si
103763,David,1223128562,49,377,False,False,Publico,...,Inpec,Old Mutual,Masculino,Ciudad de México,México,No Si
103764,Anuel,1190548792,30,391,False,False,Publico,...,Inpec,Old Mutual,Masculino,Medellín,Colombia,No No
103765,Ariel,1113271384,36,221,False,False,Publico,...,Inpec,Old Mutual,Masculino,Ashgabat,Turkmenistán,Si
103766,Ariel,1060437424,31,263,False,False,Publico,...,Inpec,Old Mutual,Masculino,Kabul,Afganistán,No Si
103767,Dahiana,1128422324,29,506,False,False,Publico,...,Policia,Proteccion,Femenino,Múnich,Alemania,No No
103768,Lucia,1775361777,48,874,False,False,Publico,...,Minsalud,...,Femenino,Seúl,Corea del Sur,Si
103769,Kelly,1801563675,26,329,False,False,Publico,...,Minsalud,...,Femenino,Beirut,Líbano,No
103770,Juliana,1962150110,52,285,False,False,Publico,...,Minterior,...,Femenino,Abu Dhabi,Emiratos Árabes Unidos,Si
103771,Juliana,1349439720,51,176,False,False,Publico,...,Minterior,...,Femenino,Buenos Aires,Argentina,No
103772,Felipe,1280740285,39,424,False,False,Publico,...,Armada,Colfondos,Masculino,Taskent,Uzbekistán,Si
103773,Nicolas,1212665433,26,875,False,False,...,Civil,Porvenir,...,Masculino,Sídney,Australia,No Si
103774,Espinoza,1235603668,29,756,False,False,...,Civil,Proteccion,...,Masculino,Múnich,Alemania,No No
103775,Paula,1437587047,38,326,False,False,...,Civil,Proteccion,...,Femenino,Santiago,Chile,Si
103776,Pancho,1024328031,33,250,False,False,...,Civil,Colfondos,...,Masculino,Almaty,Kazajistán,No
103777,Juana,1397038707,26,583,False,False,...,Civil,Colfondos,...,Femenino,Kuwait,Kuwait,Si
103778,Orlando,1235184289,67,834,False,False,...,Civil,Old Mutual,...,Masculino,Delhi,India,No
103779,Santiago,1268741462,30,403,True,False,...,Civil,Porvenir,...,Masculino,Delhi,India,Si
103780,Juan Villa,1295294323,27,616,False,False,...,Civil,Porvenir,...,Masculino,Lima,Perú,No
103781,Felipe,1241647685,27,776,False,False,Publico,...,Armada,Porvenir,Masculino,Dushanbe,Tayikistán,Si
103782,David,1067518555,42,841,False,False,Publico,...,Inpec,Old Mutual,Masculino,La Paz,Bolivia,No Si
103783,Anuel,1742797596,53,454,False,False,Publico,...,Inpec,Old Mutual,Masculino,Roma,Italia,No No
103784,Ariel,1049553207,43,167,False,False,Publico,...,Inpec,Old Mutual,Masculino,Islamabad,Pakistán,Si
103785,Ariel,1414149720,67,170,False,False,Publico,...,Inpec,Old Mutual,Masculino,Quito,Ecuador,No Si
103786,Dahiana,1579000706,57,425,False,False,Publico,...,Policia,Proteccion,Femenino,Dushanbe,Tayikistán,No No
103787,Lucia,1544470745,52,531,False,False,Publico,...,Minsalud,...,Femenino,Tokio,Japón,Si
103788,Kelly,1757556064,29,792,False,False,Publico,...,Minsalud,...,Femenino,Sídney,Australia,No
103789,Juliana,1657369787,33,867,False,False,Publico,...,Minterior,...,Femenino,Madrid,España,Si
103790,Juliana,1446977972,65,263,False,False,Publico,...,Minterior,...,Femenino,Islamabad,Pakistán,No
103791,Felipe,1477188581,48,684,False,False,Publico,...,Armada,Colfondos,Masculino,Osaka,Japón,Si
103792,Nicolas,1187568064,38,555,False,False,...,Civil,Porvenir,...,Masculino,Tokio,Japón,No Si
103793,Espinoza,1384411890,31,510,False,False,...,Civil,Proteccion,...,Masculino,Hanoi,Vietnam,No No
103794,Paula,1699410246,28,406,False,False,...,Civil,Proteccion,...,Femenino,Doha,Catar,Si
103795,Pancho,1245777188,31,821,False,False,...,Civil,Colfondos,...,Masculino,Teherán,Irán,No
103796,Juana,1569847070,44,736,False,False,...,Civil,Colfondos,...,Femenino,Almaty,Kazajistán,Si
103797,Orlando,1654367750,51,800,False,False,...,Civil,Old Mutual,...,Masculino,Delhi,India,No
103798,Santiago,1924786103,25,314,True,False,...,Civil,Porvenir,...,Masculino,Astana,Kazajistán,Si
103799,Juan Villa,1707194504,57,266,False,False,...,Civil,Porvenir,...,Masculino,Ashgabat,Turkmenistán,No
103800,Felipe,1762807756,32,117,False,False,Publico,...,Armada,Porvenir,Masculino,Abu Dhabi,Emiratos Árabes Unidos,Si
103801,David,1228840712,50,125,False,False,Publico,...,Inpec,Old Mutual,Masculino,Los Ángeles,Estados Unidos,No Si
103802,Anuel,1109834471,51,378,False,False,Publico,...,Inpec,Old Mutual,Masculino,Osaka,Japón,No No
103803,Ariel,1287771696,30,769,False,False,Publico,...,Inpec,Old Mutual,Masculino,Ciudad de México,México,Si
103804,Ariel,1532311017,29,688,False,False,Publico,...,Inpec,Old Mutual,Masculino,San Francisco,Estados Unidos,No Si
103805,Dahiana,1022392993,70,683,False,False,Publico,...,Policia,Proteccion,Femenino,Milán,Italia,No No
103806,Lucia,1553795016,53,644,False,False,Publico,...,Minsalud,...,Femenino,San Petersburgo,Rusia,Si
103807,Kelly,1434211258,28,169,False,False,Publico,...,Minsalud,...,Femenino,Karachi,Pakistán,No
103808,Juliana,1611100249,51,123,False,False,Publico,...,Minterior,...,Femenino,Almaty,Kazajistán,Si
103809,Juliana,1247527503,31,122,False,False,Publico,...,Minterior,...,Femenino,Teherán,Irán,No
103810,Felipe,1853766130,47,430,False,False,Publico,...,Armada,Colfondos,Masculino,Monterrey,México,Si
103811,Nicolas,1197329049,65,373,False,False,...,Civil,Porvenir,...,Masculino,Almaty,Kazajistán,No Si
103812,Espinoza,1361638483,42,569,False,False,...,Civil,Proteccion,...,Masculino,Almaty,Kazajistán,No No
103813,Paula,1980517687,41,614,False,False,...,Civil,Proteccion,...,Femenino,Almaty,Kazajistán,Si
103814,Pancho,1209740157,51,416,False,False,...,Civil,Colfondos,...,Masculino,Ciudad de México,México,No
103815,Juana,1339608409,65,289,False,False,...,Civil,Colfondos,...,Femenino,París,Francia,Si
103816,Orlando,1612733787,34,694,False,False,...,Civil,Old Mutual,...,Masculino,Milán,Italia,No
103817,Santiago,1461510734,33,569,True,False,...,Civil,Porvenir,...,Masculino,Múnich,Alemania,Si
103818,Juan Villa,1721386483,51,783,False,False,...,Civil,Porvenir,...,Masculino,Almaty,Kazajistán,No
103819,Felipe,1398194034,41,872,False,False,Publico,...,Armada,Porvenir,Masculino,Teherán,Irán,Si
103820,David,1382889626,55,594,False,False,Publico,...,Inpec,Old Mutual,Masculino,Sídney,Australia,No Si
103821,Anuel,1050890901,60,391,False,False,Publico,...,Inpec,Old Mutual,Masculino,San Francisco,Estados Unidos,No No
103822,Ariel,1593218578,62,507,False,False,Publico,...,Inpec,Old Mutual,Masculino,Estambul,Turquía,Si
103823,Ariel,1977164440,60,197,False,False,Publico,...,Inpec,Old Mutual,Masculino,Quito,Ecuador,No Si
103824,Dahiana,1466419785,66,736,False,False,Publico,...,Policia,Proteccion,Femenino,Doha,Catar,No No
103825,Lucia,1937978545,60,436,False,False,Publico,...,Minsalud,...,Femenino,Bogotá,Colombia,Si
103826,Kelly,1425271347,28,145,False,False,Publico,...,Minsalud,...,Femenino,Cartagena,Colombia,No
103827,Juliana,1197637730,58,471,False,False,Publico,...,Minterior,...,Femenino,Islamabad,Pakistán,Si
103828,Juliana,1068917005,48,172,False,False,Publico,...,Minterior,...,Femenino,Riad,Arabia Saudita,No
103829,Felipe,1218405021,52,739,False,False,Publico,...,Armada,Colfondos,Masculino,Almaty,Kazajistán,Si
103830,Nicolas,1243403208,29,523,False,False,...,Civil,Porvenir,...,Masculino,Dushanbe,Tayikistán,No Si
103831,Espinoza,1321267210,64,688,False,False,...,Civil,Proteccion,...,Masculino,Islamabad,Pakistán,No No
103832,Paula,1974697177,34,555,False,False,...,Civil,Proteccion,...,Femenino,Londres,Reino Unido,Si
103833,Pancho,1306890037,43,230,False,False,...,Civil,Colfondos,...,Masculino,Londres,Reino Unido,No
103834,Juana,1190150248,59,217,False,False,...,Civil,Colfondos,...,Femenino,Moscú,Rusia,Si
103835,Orlando,1441889476,43,886,False,False,...,Civil,Old Mutual,...,Masculino,Almaty,Kazajistán,No
103836,Santiago,1868370962,29,882,True,False,...,Civil,Porvenir,...,Masculino,Berlín,Alemania,Si
103837,Juan Villa,1100269004,49,111,False,False,...,Civil,Porvenir,...,Masculino,Múnich,Alemania,No
103838,Felipe,1590139453,70,844,False,False,Publico,...,Armada,Porvenir,Masculino,Islamabad,Pakistán,Si
103839,David,1268455799,65,426,False,False,Publico,...,Inpec,Old Mutual,Masculino,Santiago,Chile,No Si
103840,Anuel,1205323349,39,269,False,False,Publico,...,Inpec,Old Mutual,Masculino,Cali,Colombia,No No
103841,Ariel,1675551169,46,173,False,False,Publico,...,Inpec,Old Mutual,Masculino,Moscú,Rusia,Si
103842,Ariel,1506734476,55,705,False,False,Publico,...,Inpec,Old Mutual,Masculino,Berlín,Alemania,No Si
103843,Dahiana,1830825824,58,286,False,False,Publico,...,Policia,Proteccion,Femenino,Roma,Italia,No No
103844,Lucia,1991657511,60,589,False,False,Publico,...,Minsalud,...,Femenino,Múnich,Alemania,Si
103845,Kelly,1708903557,60,421,False,False,Publico,...,Minsalud,...,Femenino,Moscú,Rusia,No
103846,Juliana,1522460442,67,288,False,False,Publico,...,Minterior,...,Femenino,Islamabad,Pakistán,Si
103847,Juliana,1476372966,28,630,False,False,Publico,...,Minterior,...,Femenino,Mashhad,Irán,No
103848,Felipe,1993090135,42,863,False,False,Publico,...,Armada,Colfondos,Masculino,Islamabad,Pakistán,Si
103849,Nicolas,1895850706,67,573,False,False,...,Civil,Porvenir,...,Masculino,Bogotá,Colombia,No Si
103850,Espinoza,1226620000,31,770,False,False,...,Civil,Proteccion,...,Masculino,Lima,Perú,No No
103851,Paula,1301805965,47,635,False,False,...,Civil,Proteccion,...,Femenino,San Francisco,Estados Unidos,Si
103852,Pancho,1266157927,41,368,False,False,...,Civil,Colfondos,...,Masculino,Buenos Aires,Argentina,No
103853,Juana,1442961876,68,649,False,False,...,Civil,Colfondos,...,Femenino,Estambul,Turquía,Si
103854,Orlando,1572828367,68,402,False,False,...,Civil,Old Mutual,...,Masculino,Bogotá,Colombia,No
103855,Santiago,1302367430,52,238,True,False,...,Civil,Porvenir,...,Masculino,Beirut,Líbano,Si
103856,Juan Villa,1577052084,60,617,False,False,...,Civil,Porvenir,...,Masculino,La Paz,Bolivia,No
103857,Felipe,1444993828,51,781,False,False,Publico,...,Armada,Porvenir,Masculino,París,Francia,Si
103858,David,1067091064,26,592,False,False,Publico,...,Inpec,Old Mutual,Masculino,Barcelona,España,No Si
103859,Anuel,1996401766,27,883,False,False,Publico,...,Inpec,Old Mutual,Masculino,Armenia,Colombia,No No
103860,Ariel,1451407325,69,164,False,False,Publico,...,Inpec,Old Mutual,Masculino,Doha,Catar,Si
103861,Ariel,1660674267,63,306,False,False,Publico,...,Inpec,Old Mutual,Masculino,San Petersburgo,Rusia,No Si
103862,Dahiana,1619249822,53,681,False,False,Publico,...,Policia,Proteccion,Femenino,Osaka,Japón,No No
103863,Lucia,1584081420,61,840,False,False,Publico,...,Minsalud,...,Femenino,Abu Dhabi,Emiratos Árabes Unidos,Si
103864,Kelly,1034470506,62,745,False,False,Publico,...,Minsalud,...,Femenino,Kuwait,Kuwait,No
103865,Juliana,1942463173,50,732,False,False,Publico,...,Minterior,...,Femenino,Los Ángeles,Estados Unidos,Si
103866,Juliana,1276193665,36,819,False,False,Publico,...,Minterior,...,Femenino,Riad,Arabia Saudita,No
103867,Felipe,1735204694,30,377,False,False,Publico,...,Armada,Colfondos,Masculino,Bogotá,Colombia,Si
103868,Nicolas,1411472737,42,787,False,False,...,Civil,Porvenir,...,Masculino,Armenia,Colombia,No Si
103869,Espinoza,1946843559,70,221,False,False,...,Civil,Proteccion,...,Masculino,Tokio,Japón,No No
103870,Paula,1379930623,27,579,False,False,...,Civil,Proteccion,...,Femenino,Moscú,Rusia,Si
103871,Pancho,1274952424,42,844,False,False,...,Civil,Colfondos,...,Masculino,Astana,Kazajistán,No
103872,Juana,1243598842,27,833,False,False,...,Civil,Colfondos,...,Femenino,Madrid,España,Si
103873,Orlando,1434607807,55,508,False,False,...,Civil,Old Mutual,...,Masculino,Bangkok,Tailandia,No
103874,Santiago,1484234708,45,660,True,False,...,Civil,Porvenir,...,Masculino,Melbourne,Australia,Si
103875,Juan Villa,1172495183,46,784,False,False,...,Civil,Porvenir,...,Masculino,Milán,Italia,No
103876,Felipe,1802073029,28,168,False,False,Publico,...,Armada,Porvenir,Masculino,Doha,Catar,Si
103877,David,1453052688,54,236,False,False,Publico,...,Inpec,Old Mutual,Masculino,Tokio,Japón,No Si
103878,Anuel,1370081439,56,804,False,False,Publico,...,Inpec,Old Mutual,Masculino,Tokio,Japón,No No
103879,Ariel,1863685446,45,430,False,False,Publico,...,Inpec,Old Mutual,Masculino,Los Ángeles,Estados Unidos,Si
103880,Ariel,1446597409,62,753,False,False,Publico,...,Inpec,Old Mutual,Masculino,Múnich,Alemania,No Si
103881,Dahiana,1595910687,52,399,False,False,Publico,...,Policia,Proteccion,Femenino,Berlín,Alemania,No No
103882,Lucia,1831611630,33,667,False,False,Publico,...,Minsalud,...,Femenino,Mashhad,Irán,Si
103883,Kelly,1849260433,37,294,False,False,Publico,...,Minsalud,...,Femenino,San Petersburgo,Rusia,No
103884,Juliana,1987613971,38,812,False,False,Publico,...,Minterior,...,Femenino,Taskent,Uzbekistán,Si
103885,Juliana,1185032743,63,174,False,False,Publico,...,Minterior,...,Femenino,Kabul,Afganistán,No
103886,Felipe,1983323684,47,754,False,False,Publico,...,Armada,Colfondos,Masculino,Madrid,España,Si
103887,Nicolas,1003874559,54,838,False,False,...,Civil,Porvenir,...,Masculino,Dushanbe,Tayikistán,No Si
103888,Espinoza,1187606490,58,856,False,False,...,Civil,Proteccion,...,Masculino,Mashhad,Irán,No No
103889,Paula,1648655593,56,884,False,False,...,Civil,Proteccion,...,Femenino,Doha,Catar,Si
103890,Pancho,1571790756,57,777,False,False,...,Civil,Colfondos,...,Masculino,Kuwait,Kuwait,No
103891,Juana,1042931761,47,349,False,False,...,Civil,Colfondos,...,Femenino,Múnich,Alemania,Si
103892,Orlando,1646045984,42,526,False,False,...,Civil,Old Mutual,...,Masculino,Bogotá,Colombia,No
103893,Santiago,1978981565,41,152,True,False,...,Civil,Porvenir,...,Masculino,Almaty,Kazajistán,Si
103894,Juan Villa,1733693395,50,319,False,False,...,Civil,Porvenir,...,Masculino,Astana,Kazajistán,No
103895,Felipe,1527729813,61,658,False,False,Publico,...,Armada,Porvenir,Masculino,Taskent,Uzbekistán,Si
103896,David,1553955358,33,401,False,False,Publico,...,Inpec,Old Mutual,Masculino,Kabul,Afganistán,No Si
103897,Anuel,1964056625,32,589,False,False,Publico,...,Inpec,Old Mutual,Masculino,Roma,Italia,No No
103898,Ariel,1788889739,25,442,False,False,Publico,...,Inpec,Old Mutual,Masculino,Bangkok,Tailandia,Si
103899,Ariel,1828139744,56,329,False,False,Publico,...,Inpec,Old Mutual,Masculino,Seúl,Corea del Sur,No Si
103900,Dahiana,1328408367,32,457,False,False,Publico,...,Policia,Proteccion,Femenino,Hanoi,Vietnam,No No
103901,Lucia,1542351703,45,646,False,False,Publico,...,Minsalud,...,Femenino,Riad,Arabia Saudita,Si
103902,Kelly,1828029594,26,472,False,False,Publico,...,Minsalud,...,Femenino,Milán,Italia,No
103903,Juliana,1040732609,43,782,False,False,Publico,...,Minterior,...,Femenino,Osaka,Japón,Si
103904,Juliana,1142385333,68,701,False,False,Publico,...,Minterior,...,Femenino,Riad,Arabia Saudita,No
103905,Felipe,1193641165,35,311,False,False,Publico,...,Armada,Colfondos,Masculino,Ashgabat,Turkmenistán,Si
103906,Nicolas,1126500638,59,308,False,False,...,Civil,Porvenir,...,Masculino,Ciudad de México,México,No Si
103907,Espinoza,1946615890,64,190,False,False,...,Civil,Proteccion,...,Masculino,Bogotá,Colombia,No No
103908,Paula,1740400969,67,898,False,False,...,Civil,Proteccion,...,Femenino,Nueva York,Estados Unidos,Si
103909,Pancho,1903694402,69,704,False,False,...,Civil,Colfondos,...,Masculino,Bombay,India,No
103910,Juana,1875622387,25,167,False,False,...,Civil,Colfondos,...,Femenino,Los Ángeles,Estados Unidos,Si
103911,Orlando,1149177321,53,441,False,False,...,Civil,Old Mutual,...,Masculino,Almaty,Kazajistán,No
103912,Santiago,1110360071,31,895,True,False,...,Civil,Porvenir,...,Masculino,Kabul,Afganistán,Si
103913,Juan Villa,1398758984,25,257,False,False,...,Civil,Porvenir,...,Masculino,Cartagena,Colombia,No
103914,Felipe,1284057991,68,115,False,False,Publico,...,Armada,Porvenir,Masculino,Islamabad,Pakistán,Si
103915,David,1781393930,25,262,False,False,Publico,...,Inpec,Old Mutual,Masculino,Mashhad,Irán,No Si
103916,Anuel,1384347420,40,303,False,False,Publico,...,Inpec,Old Mutual,Masculino,Riad,Arabia Saudita,No No
103917,Ariel,1638530249,67,620,False,False,Publico,...,Inpec,Old Mutual,Masculino,Bombay,India,Si
103918,Ariel,1987911297,25,896,False,False,Publico,...,Inpec,Old Mutual,Masculino,Quito,Ecuador,No Si
103919,Dahiana,1202617230,36,632,False,False,Publico,...,Policia,Proteccion,Femenino,Cali,Colombia,No No
103920,Lucia,1137725470,48,891,False,False,Publico,...,Minsalud,...,Femenino,Karachi,Pakistán,Si
103921,Kelly,1124572991,42,364,False,False,Publico,...,Minsalud,...,Femenino,Los Ángeles,Estados Unidos,No
103922,Juliana,1938044821,66,127,False,False,Publico,...,Minterior,...,Femenino,Riad,Arabia Saudita,Si
103923,Juliana,1448536285,42,448,False,False,Publico,...,Minterior,...,Femenino,Roma,Italia,No
103924,Felipe,1791838980,61,504,False,False,Publico,...,Armada,Colfondos,Masculino,Sídney,Australia,Si
103925,Nicolas,1360745828,29,234,False,False,...,Civil,Porvenir,...,Masculino,Melbourne,Australia,No Si
103926,Espinoza,1875593740,50,850,False,False,...,Civil,Proteccion,...,Masculino,Monterrey,México,No No
103927,Paula,1377409824,35,891,False,False,...,Civil,Proteccion,...,Femenino,Armenia,Colombia,Si
103928,Pancho,1158775751,54,318,False,False,...,Civil,Colfondos,...,Masculino,Riad,Arabia Saudita,No
103929,Juana,1950638550,57,724,False,False,...,Civil,Colfondos,...,Femenino,Quito,Ecuador,Si
103930,Orlando,1040978764,53,774,False,False,...,Civil,Old Mutual,...,Masculino,Buenos Aires,Argentina,No
103931,Santiago,1838150492,39,618,True,False,...,Civil,Porvenir,...,Masculino,Moscú,Rusia,Si
103932,Juan Villa,1098691459,49,735,False,False,...,Civil,Porvenir,...,Masculino,Ashgabat,Turkmenistán,No
103933,Felipe,1532907688,44,746,False,False,Publico,...,Armada,Porvenir,Masculino,Amán,Jordania,Si
103934,David,1937787736,28,894,False,False,Publico,...,Inpec,Old Mutual,Masculino,Mashhad,Irán,No Si
103935,Anuel,1789485464,49,764,False,False,Publico,...,Inpec,Old Mutual,Masculino,Tokio,Japón,No No
103936,Ariel,1110721117,48,180,False,False,Publico,...,Inpec,Old Mutual,Masculino,Madrid,España,Si
103937,Ariel,1901586744,46,374,False,False,Publico,...,Inpec,Old Mutual,Masculino,Osaka,Japón,No Si
103938,Dahiana,1399572468,45,126,False,False,Publico,...,Policia,Proteccion,Femenino,Sídney,Australia,No No
103939,Lucia,1080268078,45,671,False,False,Publico,...,Minsalud,...,Femenino,Milán,Italia,Si
103940,Kelly,1866974943,25,294,False,False,Publico,...,Minsalud,...,Femenino,La Paz,Bolivia,No
103941,Juliana,1695438163,32,224,False,False,Publico,...,Minterior,...,Femenino,Moscú,Rusia,Si
103942,Juliana,1800092093,56,141,False,False,Publico,...,Minterior,...,Femenino,Karachi,Pakistán,No
103943,Felipe,1611227376,33,485,False,False,Publico,...,Armada,Colfondos,Masculino,Astana,Kazajistán,Si
103944,Nicolas,1192119540,32,208,False,False,...,Civil,Porvenir,...,Masculino,Osaka,Japón,No Si
103945,Espinoza,1191126229,42,385,False,False,...,Civil,Proteccion,...,Masculino,Londres,Reino Unido,No No
103946,Paula,1133202665,66,671,False,False,...,Civil,Proteccion,...,Femenino,Sídney,Australia,Si
103947,Pancho,1967006414,55,339,False,False,...,Civil,Colfondos,...,Masculino,Estambul,Turquía,No
103948,Juana,1084520745,60,363,False,False,...,Civil,Colfondos,...,Femenino,Islamabad,Pakistán,Si
103949,Orlando,1004637318,41,126,False,False,...,Civil,Old Mutual,...,Masculino,Milán,Italia,No
103950,Santiago,1432331396,42,324,True,False,...,Civil,Porvenir,...,Masculino,Lima,Perú,Si
103951,Juan Villa,1341714145,56,846,False,False,...,Civil,Porvenir,...,Masculino,Santiago,Chile,No
103952,Felipe,1918720333,44,778,False,False,Publico,...,Armada,Porvenir,Masculino,Taskent,Uzbekistán,Si
103953,David,1398889460,66,120,False,False,Publico,...,Inpec,Old Mutual,Masculino,San Francisco,Estados Unidos,No Si
103954,Anuel,1015383835,42,578,False,False,Publico,...,Inpec,Old Mutual,Masculino,San Francisco,Estados Unidos,No No
103955,Ariel,1810460292,61,686,False,False,Publico,...,Inpec,Old Mutual,Masculino,Barcelona,España,Si
103956,Ariel,1102633841,68,788,False,False,Publico,...,Inpec,Old Mutual,Masculino,Cali,Colombia,No Si
103957,Dahiana,1869855285,28,666,False,False,Publico,...,Policia,Proteccion,Femenino,Almaty,Kazajistán,No No
103958,Lucia,1308882487,30,608,False,False,Publico,...,Minsalud,...,Femenino,Bangkok,Tailandia,Si
103959,Kelly,1382804679,50,132,False,False,Publico,...,Minsalud,...,Femenino,Cartagena,Colombia,No
103960,Juliana,1430080991,52,541,False,False,Publico,...,Minterior,...,Femenino,Beirut,Líbano,Si
103961,Juliana,1709729294,63,788,False,False,Publico,...,Minterior,...,Femenino,Moscú,Rusia,No
103962,Felipe,1502041232,67,276,False,False,Publico,...,Armada,Colfondos,Masculino,Osaka,Japón,Si
103963,Nicolas,1629054921,27,549,False,False,...,Civil,Porvenir,...,Masculino,Barcelona,España,No Si
103964,Espinoza,1331965339,52,343,False,False,...,Civil,Proteccion,...,Masculino,Dubái,Emiratos Árabes Unidos,No No
103965,Paula,1515897731,34,568,False,False,...,Civil,Proteccion,...,Femenino,Los Ángeles,Estados Unidos,Si
103966,Pancho,1460378030,36,709,False,False,...,Civil,Colfondos,...,Masculino,Santiago,Chile,No
103967,Juana,1753508061,58,826,False,False,...,Civil,Colfondos,...,Femenino,La Paz,Bolivia,Si
103968,Orlando,1064644557,34,703,False,False,...,Civil,Old Mutual,...,Masculino,Beirut,Líbano,No
103969,Santiago,1904436095,40,307,True,False,...,Civil,Porvenir,...,Masculino,París,Francia,Si
103970,Juan Villa,1472521673,39,533,False,False,...,Civil,Porvenir,...,Masculino,Cartagena,Colombia,No
103971,Felipe,1048454278,25,818,False,False,Publico,...,Armada,Porvenir,Masculino,Melbourne,Australia,Si
103972,David,1632282454,65,246,False,False,Publico,...,Inpec,Old Mutual,Masculino,Astana,Kazajistán,No Si
103973,Anuel,1811298738,59,645,False,False,Publico,...,Inpec,Old Mutual,Masculino,Quito,Ecuador,No No
103974,Ariel,1229511726,36,342,False,False,Publico,...,Inpec,Old Mutual,Masculino,Osaka,Japón,Si
103975,Ariel,1459547712,67,584,False,False,Publico,...,Inpec,Old Mutual,Masculino,Lima,Perú,No Si
103976,Dahiana,1534505837,37,896,False,False,Publico,...,Policia,Proteccion,Femenino,Almaty,Kazajistán,No No
103977,Lucia,1721219620,26,504,False,False,Publico,...,Minsalud,...,Femenino,Cali,Colombia,Si
103978,Kelly,1621776741,67,360,False,False,Publico,...,Minsalud,...,Femenino,Tokio,Japón,No
103979,Juliana,1128354003,26,332,False,False,Publico,...,Minterior,...,Femenino,Kabul,Afganistán,Si
103980,Juliana,1820015570,29,773,False,False,Publico,...,Minterior,...,Femenino,Abu Dhabi,Emiratos Árabes Unidos,No
103981,Felipe,1960004903,49,692,False,False,Publico,...,Armada,Colfondos,Masculino,Cartagena,Colombia,Si
103982,Nicolas,1632351859,50,735,False,False,...,Civil,Porvenir,...,Masculino,Amán,Jordania,No Si
103983,Espinoza,1056918115,66,552,False,False,...,Civil,Proteccion,...,Masculino,Islamabad,Pakistán,No No
103984,Paula,1687137459,52,151,False,False,...,Civil,Proteccion,...,Femenino,Bangkok,Tailandia,Si
103985,Pancho,1931240754,47,786,False,False,...,Civil,Colfondos,...,Masculino,Tokio,Japón,No
103986,Juana,1561596427,28,254,False,False,...,Civil,Colfondos,...,Femenino,Buenos Aires,Argentina,Si
103987,Orlando,1459335907,54,678,False,False,...,Civil,Old Mutual,...,Masculino,Bogotá,Colombia,No
103988,Santiago,1536800692,66,493,True,False,...,Civil,Porvenir,...,Masculino,Mashhad,Irán,Si
103989,Juan Villa,1768900025,66,318,False,False,...,Civil,Porvenir,...,Masculino,Santiago,Chile,No
103990,Felipe,1882392920,67,535,False,False,Publico,...,Armada,Porvenir,Masculino,Kabul,Afganistán,Si
103991,David,1118456397,59,329,False,False,Publico,...,Inpec,Old Mutual,Masculino,Santiago,Chile,No Si
103992,Anuel,1105036421,60,733,False,False,Publico,...,Inpec,Old Mutual,Masculino,Astana,Kazajistán,No No
103993,Ariel,1865015500,69,630,False,False,Publico,...,Inpec,Old Mutual,Masculino,París,Francia,Si
103994,Ariel,1747634157,67,331,False,False,Publico,...,Inpec,Old Mutual,Masculino,Taskent,Uzbekistán,No Si
103995,Dahiana,1726057125,30,213,False,False,Publico,...,Policia,Proteccion,Femenino,Dubái,Emiratos Árabes Unidos,No No
103996,Lucia,1781402460,46,113,False,False,Publico,...,Minsalud,...,Femenino,Bangkok,Tailandia,Si
103997,Kelly,1725730526,47,452,False,False,Publico,...,Minsalud,...,Femenino,Almaty,Kazajistán,No
103998,Juliana,1458063643,66,614,False,False,Publico,...,Minterior,...,Femenino,Tokio,Japón,Si
103999,Juliana,1447211732,25,687,False,False,Publico,...,Minterior,...,Femenino,Mashhad,Irán,No
104000,Felipe,1323007622,53,674,False,False,Publico,...,Armada,Colfondos,Masculino,Londres,Reino Unido,Si
104001,Nicolas,1554283372,56,569,False,False,...,Civil,Porvenir,...,Masculino,Santiago,Chile,No Si
104002,Espinoza,1962413277,31,174,False,False,...,Civil,Proteccion,...,Masculino,Los Ángeles,Estados Unidos,No No
104003,Paula,1380540716,33,862,False,False,...,Civil,Proteccion,...,Femenino,Moscú,Rusia,Si
104004,Pancho,1536793135,39,205,False,False,...,Civil,Colfondos,...,Masculino,Berlín,Alemania,No
104005,Juana,1952050770,27,318,False,False,...,Civil,Colfondos,...,Femenino,Tokio,Japón,Si
104006,Orlando,1366497264,69,664,False,False,...,Civil,Old Mutual,...,Masculino,Delhi,India,No
104007,Santiago,1172885431,38,158,True,False,...,Civil,Porvenir,...,Masculino,Beirut,Líbano,Si
104008,Juan Villa,1712549204,66,898,False,False,...,Civil,Porvenir,...,Masculino,Astana,Kazajistán,No
104009,Felipe,1414429286,40,290,False,False,Publico,...,Armada,Porvenir,Masculino,Berlín,Alemania,Si
104010,David,1692672096,66,307,False,False,Publico,...,Inpec,Old Mutual,Masculino,Hanoi,Vietnam,No Si
104011,Anuel,1857414964,64,169,False,False,Publico,...,Inpec,Old Mutual,Masculino,Kabul,Afganistán,No No
104012,Ariel,1039424597,36,707,False,False,Publico,...,Inpec,Old Mutual,Masculino,Dushanbe,Tayikistán,Si
104013,Ariel,1931193450,49,702,False,False,Publico,...,Inpec,Old Mutual,Masculino,Ashgabat,Turkmenistán,No Si
104014,Dahiana,1469093168,34,375,False,False,Publico,...,Policia,Proteccion,Femenino,Roma,Italia,No No
104015,Lucia,1004922609,63,836,False,False,Publico,...,Minsalud,...,Femenino,Beirut,Líbano,Si
104016,Kelly,1584736958,35,579,False,False,Publico,...,Minsalud,...,Femenino,Astana,Kazajistán,No
104017,Juliana,1448544171,46,171,False,False,Publico,...,Minterior,...,Femenino,Astana,Kazajistán,Si
104018,Juliana,1812723380,31,448,False,False,Publico,...,Minterior,...,Femenino,Bombay,India,No
104019,Felipe,1837573009,64,656,False,False,Publico,...,Armada,Colfondos,Masculino,Ashgabat,Turkmenistán,Si
104020,Nicolas,1374235470,34,827,False,False,...,Civil,Porvenir,...,Masculino,Sídney,Australia,No Si
104021,Espinoza,1268226865,68,333,False,False,...,Civil,Proteccion,...,Masculino,Mashhad,Irán,No No
104022,Paula,1588486824,64,793,False,False,...,Civil,Proteccion,...,Femenino,Quito,Ecuador,Si
104023,Pancho,1758294003,30,538,False,False,...,Civil,Colfondos,...,Masculino,Riad,Arabia Saudita,No
104024,Juana,1627789207,52,698,False,False,...,Civil,Colfondos,...,Femenino,Los Ángeles,Estados Unidos,Si
104025,Orlando,1372589051,32,447,False,False,...,Civil,Old Mutual,...,Masculino,Hanoi,Vietnam,No
104026,Santiago,1853979223,34,509,True,False,...,Civil,Porvenir,...,Masculino,Islamabad,Pakistán,Si
104027,Juan Villa,1544177404,62,301,False,False,...,Civil,Porvenir,...,Masculino,Beirut,Líbano,No
104028,Felipe,1588511197,41,398,False,False,Publico,...,Armada,Porvenir,Masculino,Kabul,Afganistán,Si
104029,David,1936579875,58,172,False,False,Publico,...,Inpec,Old Mutual,Masculino,Bangkok,Tailandia,No Si
104030,Anuel,1548967318,68,393,False,False,Publico,...,Inpec,Old Mutual,Masculino,Mashhad,Irán,No No
104031,Ariel,1018013618,50,157,False,False,Publico,...,Inpec,Old Mutual,Masculino,Los Ángeles,Estados Unidos,Si
104032,Ariel,1213466846,63,163,False,False,Publico,...,Inpec,Old Mutual,Masculino,Medellín,Colombia,No Si
104033,Dahiana,1689076439,44,761,False,False,Publico,...,Policia,Proteccion,Femenino,San Petersburgo,Rusia,No No
104034,Lucia,1667551086,55,472,False,False,Publico,...,Minsalud,...,Femenino,Múnich,Alemania,Si
104035,Kelly,1915209258,53,393,False,False,Publico,...,Minsalud,...,Femenino,Astana,Kazajistán,No
104036,Juliana,1828064134,48,545,False,False,Publico,...,Minterior,...,Femenino,Kabul,Afganistán,Si
104037,Juliana,1633985006,53,700,False,False,Publico,...,Minterior,...,Femenino,La Paz,Bolivia,No
104038,Felipe,1085569813,60,504,False,False,Publico,...,Armada,Colfondos,Masculino,Buenos Aires,Argentina,Si
104039,Nicolas,1079047215,32,253,False,False,...,Civil,Porvenir,...,Masculino,Estambul,Turquía,No Si
104040,Espinoza,1214361894,59,505,False,False,...,Civil,Proteccion,...,Masculino,Kabul,Afganistán,No No
104041,Paula,1143967206,44,694,False,False,...,Civil,Proteccion,...,Femenino,Seúl,Corea del Sur,Si
104042,Pancho,1331327696,59,397,False,False,...,Civil,Colfondos,...,Masculino,Dubái,Emiratos Árabes Unidos,No
104043,Juana,1988113884,34,355,False,False,...,Civil,Colfondos,...,Femenino,Astana,Kazajistán,Si
104044,Orlando,1575272346,61,126,False,False,...,Civil,Old Mutual,...,Masculino,Múnich,Alemania,No
104045,Santiago,1054552607,44,549,True,False,...,Civil,Porvenir,...,Masculino,Cartagena,Colombia,Si
104046,Juan Villa,1763897265,54,420,False,False,...,Civil,Porvenir,...,Masculino,Estambul,Turquía,No
104047,Felipe,1997482760,64,868,False,False,Publico,...,Armada,Porvenir,Masculino,Taskent,Uzbekistán,Si
104048,David,1667845674,66,603,False,False,Publico,...,Inpec,Old Mutual,Masculino,Karachi,Pakistán,No Si
104049,Anuel,1480614025,60,385,False,False,Publico,...,Inpec,Old Mutual,Masculino,Dushanbe,Tayikistán,No No
104050,Ariel,1998424934,26,686,False,False,Publico,...,Inpec,Old Mutual,Masculino,Doha,Catar,Si
104051,Ariel,1259364317,49,694,False,False,Publico,...,Inpec,Old Mutual,Masculino,Bogotá,Colombia,No Si
104052,Dahiana,1332879821,43,760,False,False,Publico,...,Policia,Proteccion,Femenino,Bangkok,Tailandia,No No
104053,Lucia,1917241199,38,325,False,False,Publico,...,Minsalud,...,Femenino,Abu Dhabi,Emiratos Árabes Unidos,Si
104054,Kelly,1190115125,43,669,False,False,Publico,...,Minsalud,...,Femenino,Kabul,Afganistán,No
104055,Juliana,1298232205,44,531,False,False,Publico,...,Minterior,...,Femenino,La Paz,Bolivia,Si
104056,Juliana,1719404314,42,830,False,False,Publico,...,Minterior,...,Femenino,Hanoi,Vietnam,No
104057,Felipe,1595551919,39,246,False,False,Publico,...,Armada,Colfondos,Masculino,Quito,Ecuador,Si
104058,Nicolas,1239216808,29,331,False,False,...,Civil,Porvenir,...,Masculino,Ashgabat,Turkmenistán,No Si
104059,Espinoza,1778153839,55,490,False,False,...,Civil,Proteccion,...,Masculino,Kabul,Afganistán,No No
104060,Paula,1356098909,43,650,False,False,...,Civil,Proteccion,...,Femenino,Medellín,Colombia,Si
104061,Pancho,1638068475,70,450,False,False,...,Civil,Colfondos,...,Masculino,Monterrey,México,No
104062,Juana,1232979946,51,234,False,False,...,Civil,Colfondos,...,Femenino,Buenos Aires,Argentina,Si
104063,Orlando,1363376348,66,720,False,False,...,Civil,Old Mutual,...,Masculino,Doha,Catar,No
104064,Santiago,1254475638,25,227,True,False,...,Civil,Porvenir,...,Masculino,Hanoi,Vietnam,Si
104065,Juan Villa,1676225991,28,885,False,False,...,Civil,Porvenir,...,Masculino,Abu Dhabi,Emiratos Árabes Unidos,No
104066,Felipe,1632694767,57,826,False,False,Publico,...,Armada,Porvenir,Masculino,Sídney,Australia,Si
104067,David,1259404032,28,277,False,False,Publico,...,Inpec,Old Mutual,Masculino,Sídney,Australia,No Si
104068,Anuel,1323281568,58,375,False,False,Publico,...,Inpec,Old Mutual,Masculino,Cali,Colombia,No No
104069,Ariel,1056038859,57,673,False,False,Publico,...,Inpec,Old Mutual,Masculino,Monterrey,México,Si
104070,Ariel,1556589863,26,683,False,False,Publico,...,Inpec,Old Mutual,Masculino,Islamabad,Pakistán,No Si
104071,Dahiana,1758275444,41,135,False,False,Publico,...,Policia,Proteccion,Femenino,Kabul,Afganistán,No No
104072,Lucia,1174253941,61,634,False,False,Publico,...,Minsalud,...,Femenino,Ciudad de México,México,Si
104073,Kelly,1079284600,27,255,False,False,Publico,...,Minsalud,...,Femenino,Kuwait,Kuwait,No
104074,Juliana,1815230028,64,574,False,False,Publico,...,Minterior,...,Femenino,Osaka,Japón,Si
104075,Juliana,1590240020,58,851,False,False,Publico,...,Minterior,...,Femenino,Estambul,Turquía,No
104076,Felipe,1365169901,36,621,False,False,Publico,...,Armada,Colfondos,Masculino,Riad,Arabia Saudita,Si
104077,Nicolas,1206268945,56,496,False,False,...,Civil,Porvenir,...,Masculino,Cartagena,Colombia,No Si
104078,Espinoza,1921754201,54,482,False,False,...,Civil,Proteccion,...,Masculino,Doha,Catar,No No
104079,Paula,1059283096,44,856,False,False,...,Civil,Proteccion,...,Femenino,Santiago,Chile,Si
104080,Pancho,1228499838,63,805,False,False,...,Civil,Colfondos,...,Masculino,Ashgabat,Turkmenistán,No
104081,Juana,1990643191,63,810,False,False,...,Civil,Colfondos,...,Femenino,Quito,Ecuador,Si
104082,Orlando,1413339853,31,787,False,False,...,Civil,Old Mutual,...,Masculino,Milán,Italia,No
104083,Santiago,1242152486,32,596,True,False,...,Civil,Porvenir,...,Masculino,Delhi,India,Si
104084,Juan Villa,1646848001,25,829,False,False,...,Civil,Porvenir,...,Masculino,Bangkok,Tailandia,No
104085,Felipe,1569128367,64,387,False,False,Publico,...,Armada,Porvenir,Masculino,París,Francia,Si
104086,David,1117588943,52,479,False,False,Publico,...,Inpec,Old Mutual,Masculino,Taskent,Uzbekistán,No Si
104087,Anuel,1880546267,42,635,False,False,Publico,...,Inpec,Old Mutual,Masculino,Hanoi,Vietnam,No No
104088,Ariel,1436007167,48,505,False,False,Publico,...,Inpec,Old Mutual,Masculino,Londres,Reino Unido,Si
104089,Ariel,1478993877,57,478,False,False,Publico,...,Inpec,Old Mutual,Masculino,Múnich,Alemania,No Si
104090,Dahiana,1725878423,43,297,False,False,Publico,...,Policia,Proteccion,Femenino,Doha,Catar,No No
104091,Lucia,1517950330,34,192,False,False,Publico,...,Minsalud,...,Femenino,Los Ángeles,Estados Unidos,Si
104092,Kelly,1246479952,55,893,False,False,Publico,...,Minsalud,...,Femenino,Santiago,Chile,No
104093,Juliana,1423245236,47,146,False,False,Publico,...,Minterior,...,Femenino,Sídney,Australia,Si
104094,Juliana,1197383871,51,261,False,False,Publico,...,Minterior,...,Femenino,París,Francia,No
104095,Felipe,1811906556,50,768,False,False,Publico,...,Armada,Colfondos,Masculino,Cali,Colombia,Si
104096,Nicolas,1998297469,65,115,False,False,...,Civil,Porvenir,...,Masculino,Sídney,Australia,No Si
104097,Espinoza,1206989404,26,282,False,False,...,Civil,Proteccion,...,Masculino,Nueva York,Estados Unidos,No No
104098,Paula,1753642028,35,678,False,False,...,Civil,Proteccion,...,Femenino,Almaty,Kazajistán,Si
104099,Pancho,1937279066,45,481,False,False,...,Civil,Colfondos,...,Masculino,Abu Dhabi,Emiratos Árabes Unidos,No
104100,Juana,1347766331,62,275,False,False,...,Civil,Colfondos,...,Femenino,Bogotá,Colombia,Si
104101,Orlando,1199998497,39,336,False,False,...,Civil,Old Mutual,...,Masculino,Amán,Jordania,No
104102,Santiago,1958146136,57,532,True,False,...,Civil,Porvenir,...,Masculino,Lima,Perú,Si
104103,Juan Villa,1700324765,57,386,False,False,...,Civil,Porvenir,...,Masculino,Barcelona,España,No
104104,Felipe,1109842260,68,714,False,False,Publico,...,Armada,Porvenir,Masculino,Lima,Perú,Si
104105,David,1440897449,36,181,False,False,Publico,...,Inpec,Old Mutual,Masculino,Hanoi,Vietnam,No Si
104106,Anuel,1394310249,44,141,False,False,Publico,...,Inpec,Old Mutual,Masculino,Bangkok,Tailandia,No No
104107,Ariel,1972604535,54,132,False,False,Publico,...,Inpec,Old Mutual,Masculino,Kuwait,Kuwait,Si
104108,Ariel,1630809811,52,760,False,False,Publico,...,Inpec,Old Mutual,Masculino,Cartagena,Colombia,No Si
104109,Dahiana,1048527616,29,231,False,False,Publico,...,Policia,Proteccion,Femenino,Islamabad,Pakistán,No No
104110,Lucia,1963387195,29,477,False,False,Publico,...,Minsalud,...,Femenino,Lima,Perú,Si
104111,Kelly,1978200537,65,466,False,False,Publico,...,Minsalud,...,Femenino,Santiago,Chile,No
104112,Juliana,1445759229,47,246,False,False,Publico,...,Minterior,...,Femenino,Bombay,India,Si
104113,Juliana,1223603429,49,612,False,False,Publico,...,Minterior,...,Femenino,Medellín,Colombia,No
104114,Felipe,1310634996,50,269,False,False,Publico,...,Armada,Colfondos,Masculino,Berlín,Alemania,Si
104115,Nicolas,1862890087,59,379,False,False,...,Civil,Porvenir,...,Masculino,Astana,Kazajistán,No Si
104116,Espinoza,1163121371,62,296,False,False,...,Civil,Proteccion,...,Masculino,Bombay,India,No No
104117,Paula,1883981682,69,711,False,False,...,Civil,Proteccion,...,Femenino,San Petersburgo,Rusia,Si
104118,Pancho,1863137096,50,287,False,False,...,Civil,Colfondos,...,Masculino,Cartagena,Colombia,No
104119,Juana,1546125930,57,390,False,False,...,Civil,Colfondos,...,Femenino,Berlín,Alemania,Si
104120,Orlando,1297975212,30,889,False,False,...,Civil,Old Mutual,...,Masculino,Amán,Jordania,No
104121,Santiago,1082183316,31,142,True,False,...,Civil,Porvenir,...,Masculino,Teherán,Irán,Si
104122,Juan Villa,1803539328,53,889,False,False,...,Civil,Porvenir,...,Masculino,Kabul,Afganistán,No
104123,Felipe,1232658113,58,566,False,False,Publico,...,Armada,Porvenir,Masculino,Cali,Colombia,Si
104124,David,1509630194,69,168,False,False,Publico,...,Inpec,Old Mutual,Masculino,Melbourne,Australia,No Si
104125,Anuel,1472423816,56,697,False,False,Publico,...,Inpec,Old Mutual,Masculino,La Paz,Bolivia,No No
104126,Ariel,1514156579,25,163,False,False,Publico,...,Inpec,Old Mutual,Masculino,Quito,Ecuador,Si
104127,Ariel,1908089120,57,381,False,False,Publico,...,Inpec,Old Mutual,Masculino,Londres,Reino Unido,No Si
104128,Dahiana,1588528317,56,158,False,False,Publico,...,Policia,Proteccion,Femenino,Berlín,Alemania,No No
104129,Lucia,1376805931,42,222,False,False,Publico,...,Minsalud,...,Femenino,Kabul,Afganistán,Si
104130,Kelly,1609681370,38,346,False,False,Publico,...,Minsalud,...,Femenino,Riad,Arabia Saudita,No
104131,Juliana,1981985069,46,365,False,False,Publico,...,Minterior,...,Femenino,Barcelona,España,Si
104132,Juliana,1376501469,25,341,False,False,Publico,...,Minterior,...,Femenino,Amán,Jordania,No
104133,Felipe,1495966483,50,168,False,False,Publico,...,Armada,Colfondos,Masculino,Delhi,India,Si
104134,Nicolas,1943129328,70,518,False,False,...,Civil,Porvenir,...,Masculino,Londres,Reino Unido,No Si
104135,Espinoza,1546038017,28,364,False,False,...,Civil,Proteccion,...,Masculino,Múnich,Alemania,No No
104136,Paula,1886679769,52,133,False,False,...,Civil,Proteccion,...,Femenino,Tokio,Japón,Si
104137,Pancho,1023947263,67,748,False,False,...,Civil,Colfondos,...,Masculino,Abu Dhabi,Emiratos Árabes Unidos,No
104138,Juana,1805308277,60,351,False,False,...,Civil,Colfondos,...,Femenino,Armenia,Colombia,Si
104139,Orlando,1261317796,51,548,False,False,...,Civil,Old Mutual,...,Masculino,Milán,Italia,No
104140,Santiago,1577565391,57,635,True,False,...,Civil,Porvenir,...,Masculino,Dubái,Emiratos Árabes Unidos,Si
104141,Juan Villa,1936567966,32,732,False,False,...,Civil,Porvenir,...,Masculino,Melbourne,Australia,No
104142,Felipe,1958033534,48,696,False,False,Publico,...,Armada,Porvenir,Masculino,Taskent,Uzbekistán,Si
104143,David,1298102239,50,444,False,False,Publico,...,Inpec,Old Mutual,Masculino,Karachi,Pakistán,No Si
104144,Anuel,1231343670,62,542,False,False,Publico,...,Inpec,Old Mutual,Masculino,Teherán,Irán,No No
104145,Ariel,1525227379,59,457,False,False,Publico,...,Inpec,Old Mutual,Masculino,Berlín,Alemania,Si
104146,Ariel,1348949557,51,113,False,False,Publico,...,Inpec,Old Mutual,Masculino,Hanoi,Vietnam,No Si
104147,Dahiana,1130042938,28,474,False,False,Publico,...,Policia,Proteccion,Femenino,Ciudad de México,México,No No
104148,Lucia,1561163260,29,391,False,False,Publico,...,Minsalud,...,Femenino,París,Francia,Si
104149,Kelly,1013859805,47,166,False,False,Publico,...,Minsalud,...,Femenino,Amán,Jordania,No
104150,Juliana,1547466194,64,851,False,False,Publico,...,Minterior,...,Femenino,Quito,Ecuador,Si
104151,Juliana,1575086304,54,270,False,False,Publico,...,Minterior,...,Femenino,Hanoi,Vietnam,No
104152,Felipe,1794432058,70,542,False,False,Publico,...,Armada,Colfondos,Masculino,Barcelona,España,Si
104153,Nicolas,1937469921,48,269,False,False,...,Civil,Porvenir,...,Masculino,Bogotá,Colombia,No Si
104154,Espinoza,1864727183,35,363,False,False,...,Civil,Proteccion,...,Masculino,Moscú,Rusia,No No
104155,Paula,1704374619,30,228,False,False,...,Civil,Proteccion,...,Femenino,Milán,Italia,Si
104156,Pancho,1404856739,33,705,False,False,...,Civil,Colfondos,...,Masculino,Roma,Italia,No
104157,Juana,1866155439,25,394,False,False,...,Civil,Colfondos,...,Femenino,Bogotá,Colombia,Si
104158,Orlando,1921007490,44,768,False,False,...,Civil,Old Mutual,...,Masculino,Almaty,Kazajistán,No
104159,Santiago,1478368827,29,516,True,False,...,Civil,Porvenir,...,Masculino,Dubái,Emiratos Árabes Unidos,Si
104160,Juan Villa,1439569155,47,851,False,False,...,Civil,Porvenir,...,Masculino,Doha,Catar,No
104161,Felipe,1112555521,47,574,False,False,Publico,...,Armada,Porvenir,Masculino,Astana,Kazajistán,Si
104162,David,1241714682,26,843,False,False,Publico,...,Inpec,Old Mutual,Masculino,Delhi,India,No Si
104163,Anuel,1224966162,59,748,False,False,Publico,...,Inpec,Old Mutual,Masculino,Bogotá,Colombia,No No
104164,Ariel,1130037298,50,850,False,False,Publico,...,Inpec,Old Mutual,Masculino,Teherán,Irán,Si
104165,Ariel,1377215427,40,172,False,False,Publico,...,Inpec,Old Mutual,Masculino,Abu Dhabi,Emiratos Árabes Unidos,No Si
104166,Dahiana,1395367098,61,228,False,False,Publico,...,Policia,Proteccion,Femenino,Almaty,Kazajistán,No No
104167,Lucia,1357303904,30,430,False,False,Publico,...,Minsalud,...,Femenino,Dushanbe,Tayikistán,Si
104168,Kelly,1418264182,28,428,False,False,Publico,...,Minsalud,...,Femenino,Doha,Catar,No
104169,Juliana,1852148405,48,547,False,False,Publico,...,Minterior,...,Femenino,Sídney,Australia,Si
104170,Juliana,1578188641,44,153,False,False,Publico,...,Minterior,...,Femenino,Barcelona,España,No
104171,Felipe,1913115711,29,281,False,False,Publico,...,Armada,Colfondos,Masculino,París,Francia,Si
104172,Nicolas,1866494127,62,510,False,False,...,Civil,Porvenir,...,Masculino,Buenos Aires,Argentina,No Si
104173,Espinoza,1777802310,48,251,False,False,...,Civil,Proteccion,...,Masculino,Madrid,España,No No
104174,Paula,1936490486,37,174,False,False,...,Civil,Proteccion,...,Femenino,Astana,Kazajistán,Si
104175,Pancho,1715473442,62,753,False,False,...,Civil,Colfondos,...,Masculino,Bangkok,Tailandia,No
104176,Juana,1938754963,64,542,False,False,...,Civil,Colfondos,...,Femenino,Tokio,Japón,Si
104177,Orlando,1240164931,33,213,False,False,...,Civil,Old Mutual,...,Masculino,Riad,Arabia Saudita,No
104178,Santiago,1395278354,57,564,True,False,...,Civil,Porvenir,...,Masculino,Armenia,Colombia,Si
104179,Juan Villa,1646452534,26,182,False,False,...,Civil,Porvenir,...,Masculino,Bangkok,Tailandia,No
104180,Felipe,1313590115,63,658,False,False,Publico,...,Armada,Porvenir,Masculino,Delhi,India,Si
104181,David,1094681349,34,452,False,False,Publico,...,Inpec,Old Mutual,Masculino,Ciudad de México,México,No Si
104182,Anuel,1599915092,54,444,False,False,Publico,...,Inpec,Old Mutual,Masculino,Astana,Kazajistán,No No
104183,Ariel,1934488686,34,658,False,False,Publico,...,Inpec,Old Mutual,Masculino,Kabul,Afganistán,Si
104184,Ariel,1492477434,45,114,False,False,Publico,...,Inpec,Old Mutual,Masculino,Doha,Catar,No Si
104185,Dahiana,1889004023,46,113,False,False,Publico,...,Policia,Proteccion,Femenino,Tokio,Japón,No No
104186,Lucia,1701399322,40,418,False,False,Publico,...,Minsalud,...,Femenino,Dubái,Emiratos Árabes Unidos,Si
104187,Kelly,1002914519,61,107,False,False,Publico,...,Minsalud,...,Femenino,Bogotá,Colombia,No
104188,Juliana,1894371686,58,462,False,False,Publico,...,Minterior,...,Femenino,Delhi,India,Si
104189,Juliana,1812533743,53,431,False,False,Publico,...,Minterior,...,Femenino,Ciudad de México,México,No
104190,Felipe,1165908412,52,882,False,False,Publico,...,Armada,Colfondos,Masculino,Kabul,Afganistán,Si
104191,Nicolas,1181172405,49,886,False,False,...,Civil,Porvenir,...,Masculino,Bombay,India,No Si
104192,Espinoza,1389091997,59,143,False,False,...,Civil,Proteccion,...,Masculino,Moscú,Rusia,No No
104193,Paula,1409943850,37,400,False,False,...,Civil,Proteccion,...,Femenino,Londres,Reino Unido,Si
104194,Pancho,1477692032,68,744,False,False,...,Civil,Colfondos,...,Masculino,San Petersburgo,Rusia,No
104195,Juana,1670931403,63,690,False,False,...,Civil,Colfondos,...,Femenino,Kabul,Afganistán,Si
104196,Orlando,1555038141,36,588,False,False,...,Civil,Old Mutual,...,Masculino,Teherán,Irán,No
104197,Santiago,1899415113,62,849,True,False,...,Civil,Porvenir,...,Masculino,Kuwait,Kuwait,Si
104198,Juan Villa,1012553536,29,464,False,False,...,Civil,Porvenir,...,Masculino,Sídney,Australia,No
104199,Felipe,1933494106,64,807,False,False,Publico,...,Armada,Porvenir,Masculino,Almaty,Kazajistán,Si
104200,David,1011599478,61,139,False,False,Publico,...,Inpec,Old Mutual,Masculino,Dushanbe,Tayikistán,No Si
104201,Anuel,1974345938,55,648,False,False,Publico,...,Inpec,Old Mutual,Masculino,Seúl,Corea del Sur,No No
104202,Ariel,1591369278,69,647,False,False,Publico,...,Inpec,Old Mutual,Masculino,Lima,Perú,Si
104203,Ariel,1159287823,70,879,False,False,Publico,...,Inpec,Old Mutual,Masculino,Almaty,Kazajistán,No Si
104204,Dahiana,1969706602,35,575,False,False,Publico,...,Policia,Proteccion,Femenino,Los Ángeles,Estados Unidos,No No
104205,Lucia,1268307999,63,888,False,False,Publico,...,Minsalud,...,Femenino,Cali,Colombia,Si
104206,Kelly,1235585027,28,736,False,False,Publico,...,Minsalud,...,Femenino,Dushanbe,Tayikistán,No
104207,Juliana,1330057025,36,713,False,False,Publico,...,Minterior,...,Femenino,Los Ángeles,Estados Unidos,Si
104208,Juliana,1880409263,30,295,False,False,Publico,...,Minterior,...,Femenino,Islamabad,Pakistán,No
104209,Felipe,1371334113,41,752,False,False,Publico,...,Armada,Colfondos,Masculino,La Paz,Bolivia,Si
104210,Nicolas,1089585591,30,273,False,False,...,Civil,Porvenir,...,Masculino,Kuwait,Kuwait,No Si
104211,Espinoza,1265820968,48,542,False,False,...,Civil,Proteccion,...,Masculino,Kabul,Afganistán,No No
104212,Paula,1765184973,29,408,False,False,...,Civil,Proteccion,...,Femenino,Roma,Italia,Si
104213,Pancho,1837409255,69,187,False,False,...,Civil,Colfondos,...,Masculino,Monterrey,México,No
104214,Juana,1620916268,62,126,False,False,...,Civil,Colfondos,...,Femenino,Madrid,España,Si
104215,Orlando,1250220253,44,856,False,False,...,Civil,Old Mutual,...,Masculino,Almaty,Kazajistán,No
104216,Santiago,1726857927,47,616,True,False,...,Civil,Porvenir,...,Masculino,Milán,Italia,Si
104217,Juan Villa,1603997662,36,411,False,False,...,Civil,Porvenir,...,Masculino,Medellín,Colombia,No
104218,Felipe,1761086022,51,869,False,False,Publico,...,Armada,Porvenir,Masculino,Berlín,Alemania,Si
104219,David,1130937719,27,717,False,False,Publico,...,Inpec,Old Mutual,Masculino,Delhi,India,No Si
104220,Anuel,1732376825,45,331,False,False,Publico,...,Inpec,Old Mutual,Masculino,Cartagena,Colombia,No No
104221,Ariel,1809416775,53,477,False,False,Publico,...,Inpec,Old Mutual,Masculino,Riad,Arabia Saudita,Si
104222,Ariel,1233189032,39,156,False,False,Publico,...,Inpec,Old Mutual,Masculino,Riad,Arabia Saudita,No Si
104223,Dahiana,1998605306,33,215,False,False,Publico,...,Policia,Proteccion,Femenino,Nueva York,Estados Unidos,No No
104224,Lucia,1929016435,54,231,False,False,Publico,...,Minsalud,...,Femenino,Quito,Ecuador,Si
104225,Kelly,1904742466,43,397,False,False,Publico,...,Minsalud,...,Femenino,Bogotá,Colombia,No
104226,Juliana,1822968964,44,734,False,False,Publico,...,Minterior,...,Femenino,San Francisco,Estados Unidos,Si
104227,Juliana,1377780655,67,603,False,False,Publico,...,Minterior,...,Femenino,Kabul,Afganistán,No
104228,Felipe,1741083943,59,427,False,False,Publico,...,Armada,Colfondos,Masculino,Hanoi,Vietnam,Si
104229,Nicolas,1600023882,44,422,False,False,...,Civil,Porvenir,...,Masculino,Delhi,India,No Si
104230,Espinoza,1342514877,70,419,False,False,...,Civil,Proteccion,...,Masculino,Cartagena,Colombia,No No
104231,Paula,1924561516,51,813,False,False,...,Civil,Proteccion,...,Femenino,Estambul,Turquía,Si
104232,Pancho,1983714434,59,305,False,False,...,Civil,Colfondos,...,Masculino,Estambul,Turquía,No
104233,Juana,1312282093,31,785,False,False,...,Civil,Colfondos,...,Femenino,Cali,Colombia,Si
104234,Orlando,1768887664,62,274,False,False,...,Civil,Old Mutual,...,Masculino,Ashgabat,Turkmenistán,No
104235,Santiago,1641808935,47,626,True,False,...,Civil,Porvenir,...,Masculino,Armenia,Colombia,Si
104236,Juan Villa,1510109054,28,669,False,False,...,Civil,Porvenir,...,Masculino,Quito,Ecuador,No
104237,Felipe,1329593106,35,161,False,False,Publico,...,Armada,Porvenir,Masculino,Almaty,Kazajistán,Si
104238,David,1517505853,25,532,False,False,Publico,...,Inpec,Old Mutual,Masculino,Madrid,España,No Si
104239,Anuel,1621532778,47,507,False,False,Publico,...,Inpec,Old Mutual,Masculino,Melbourne,Australia,No No
104240,Ariel,1692423629,31,713,False,False,Publico,...,Inpec,Old Mutual,Masculino,Astana,Kazajistán,Si
104241,Ariel,1986823196,63,671,False,False,Publico,...,Inpec,Old Mutual,Masculino,Madrid,España,No Si
104242,Dahiana,1579306785,25,616,False,False,Publico,...,Policia,Proteccion,Femenino,Taskent,Uzbekistán,No No
104243,Lucia,1100421536,53,215,False,False,Publico,...,Minsalud,...,Femenino,Kabul,Afganistán,Si
104244,Kelly,1841346111,63,791,False,False,Publico,...,Minsalud,...,Femenino,Kabul,Afganistán,No
104245,Juliana,1501458149,26,282,False,False,Publico,...,Minterior,...,Femenino,Quito,Ecuador,Si
104246,Juliana,1695692398,68,174,False,False,Publico,...,Minterior,...,Femenino,Berlín,Alemania,No
104247,Felipe,1239860821,62,747,False,False,Publico,...,Armada,Colfondos,Masculino,Almaty,Kazajistán,Si
104248,Nicolas,1859321162,37,236,False,False,...,Civil,Porvenir,...,Masculino,Ashgabat,Turkmenistán,No Si
104249,Espinoza,1418033861,58,733,False,False,...,Civil,Proteccion,...,Masculino,Berlín,Alemania,No No
104250,Paula,1058463412,41,464,False,False,...,Civil,Proteccion,...,Femenino,Seúl,Corea del Sur,Si
104251,Pancho,1823506361,63,464,False,False,...,Civil,Colfondos,...,Masculino,Tokio,Japón,No
104252,Juana,1697210044,55,665,False,False,...,Civil,Colfondos,...,Femenino,Taskent,Uzbekistán,Si
104253,Orlando,1282180763,62,810,False,False,...,Civil,Old Mutual,...,Masculino,Buenos Aires,Argentina,No
104254,Santiago,1495499930,30,531,True,False,...,Civil,Porvenir,...,Masculino,Bombay,India,Si
104255,Juan Villa,1701168389,32,380,False,False,...,Civil,Porvenir,...,Masculino,Astana,Kazajistán,No
104256,Felipe,1734183622,28,523,False,False,Publico,...,Armada,Porvenir,Masculino,Sídney,Australia,Si
104257,David,1125796926,54,703,False,False,Publico,...,Inpec,Old Mutual,Masculino,Ashgabat,Turkmenistán,No Si
104258,Anuel,1148218379,32,303,False,False,Publico,...,Inpec,Old Mutual,Masculino,Melbourne,Australia,No No
104259,Ariel,1852485923,34,282,False,False,Publico,...,Inpec,Old Mutual,Masculino,Kabul,Afganistán,Si
104260,Ariel,1317749651,64,641,False,False,Publico,...,Inpec,Old Mutual,Masculino,Londres,Reino Unido,No Si
104261,Dahiana,1187991606,41,434,False,False,Publico,...,Policia,Proteccion,Femenino,Cali,Colombia,No No
104262,Lucia,1474345832,31,639,False,False,Publico,...,Minsalud,...,Femenino,Astana,Kazajistán,Si
104263,Kelly,1151395617,56,569,False,False,Publico,...,Minsalud,...,Femenino,Madrid,España,No
104264,Juliana,1092858497,63,288,False,False,Publico,...,Minterior,...,Femenino,Almaty,Kazajistán,Si
104265,Juliana,1620966934,25,846,False,False,Publico,...,Minterior,...,Femenino,Beirut,Líbano,No
104266,Felipe,1542673005,67,442,False,False,Publico,...,Armada,Colfondos,Masculino,Armenia,Colombia,Si
104267,Nicolas,1950539772,67,195,False,False,...,Civil,Porvenir,...,Masculino,Armenia,Colombia,No Si
104268,Espinoza,1261372039,38,313,False,False,...,Civil,Proteccion,...,Masculino,Islamabad,Pakistán,No No
104269,Paula,1030360067,45,408,False,False,...,Civil,Proteccion,...,Femenino,Berlín,Alemania,Si
104270,Pancho,1068826556,44,255,False,False,...,Civil,Colfondos,...,Masculino,Hanoi,Vietnam,No
104271,Juana,1649427067,37,367,False,False,...,Civil,Colfondos,...,Femenino,Ashgabat,Turkmenistán,Si
104272,Orlando,1699378989,26,629,False,False,...,Civil,Old Mutual,...,Masculino,Almaty,Kazajistán,No
104273,Santiago,1779672895,47,230,True,False,...,Civil,Porvenir,...,Masculino,Almaty,Kazajistán,Si
104274,Juan Villa,1901775236,66,260,False,False,...,Civil,Porvenir,...,Masculino,Múnich,Alemania,No
104275,Felipe,1829492434,59,179,False,False,Publico,...,Armada,Porvenir,Masculino,Moscú,Rusia,Si
104276,David,1184652108,67,524,False,False,Publico,...,Inpec,Old Mutual,Masculino,Karachi,Pakistán,No Si
104277,Anuel,1331395002,33,712,False,False,Publico,...,Inpec,Old Mutual,Masculino,Almaty,Kazajistán,No No
104278,Ariel,1367938851,50,432,False,False,Publico,...,Inpec,Old Mutual,Masculino,París,Francia,Si
104279,Ariel,1473831301,62,130,False,False,Publico,...,Inpec,Old Mutual,Masculino,Astana,Kazajistán,No Si
104280,Dahiana,1213120795,32,644,False,False,Publico,...,Policia,Proteccion,Femenino,Almaty,Kazajistán,No No
104281,Lucia,1815180635,59,369,False,False,Publico,...,Minsalud,...,Femenino,Sídney,Australia,Si
104282,Kelly,1218680370,70,456,False,False,Publico,...,Minsalud,...,Femenino,Madrid,España,No
104283,Juliana,1182704876,50,727,False,False,Publico,...,Minterior,...,Femenino,Melbourne,Australia,Si
104284,Juliana,1720634442,34,863,False,False,Publico,...,Minterior,...,Femenino,San Francisco,Estados Unidos,No
104285,Felipe,1042562605,27,181,False,False,Publico,...,Armada,Colfondos,Masculino,Kabul,Afganistán,Si
104286,Nicolas,1326055982,38,823,False,False,...,Civil,Porvenir,...,Masculino,Kabul,Afganistán,No Si
104287,Espinoza,1019869076,49,746,False,False,...,Civil,Proteccion,...,Masculino,Taskent,Uzbekistán,No No
104288,Paula,1993786170,65,894,False,False,...,Civil,Proteccion,...,Femenino,San Petersburgo,Rusia,Si
104289,Pancho,1167159116,32,716,False,False,...,Civil,Colfondos,...,Masculino,San Francisco,Estados Unidos,No
104290,Juana,1765330203,30,558,False,False,...,Civil,Colfondos,...,Femenino,Cali,Colombia,Si
104291,Orlando,1506080722,69,751,False,False,...,Civil,Old Mutual,...,Masculino,Dubái,Emiratos Árabes Unidos,No
104292,Santiago,1612544636,65,137,True,False,...,Civil,Porvenir,...,Masculino,Osaka,Japón,Si
104293,Juan Villa,1331077726,40,847,False,False,...,Civil,Porvenir,...,Masculino,Milán,Italia,No
104294,Felipe,1171327104,40,188,False,False,Publico,...,Armada,Porvenir,Masculino,Osaka,Japón,Si
104295,David,1168929062,63,106,False,False,Publico,...,Inpec,Old Mutual,Masculino,Barcelona,España,No Si
104296,Anuel,1433444312,51,517,False,False,Publico,...,Inpec,Old Mutual,Masculino,Islamabad,Pakistán,No No
104297,Ariel,1051836614,64,889,False,False,Publico,...,Inpec,Old Mutual,Masculino,La Paz,Bolivia,Si
104298,Ariel,1822474161,59,872,False,False,Publico,...,Inpec,Old Mutual,Masculino,Kabul,Afganistán,No Si
104299,Dahiana,1055133273,37,496,False,False,Publico,...,Policia,Proteccion,Femenino,Quito,Ecuador,No No
104300,Lucia,1410370294,44,602,False,False,Publico,...,Minsalud,...,Femenino,Kabul,Afganistán,Si
104301,Kelly,1026219171,29,758,False,False,Publico,...,Minsalud,...,Femenino,Moscú,Rusia,No
104302,Juliana,1548705549,60,740,False,False,Publico,...,Minterior,...,Femenino,Melbourne,Australia,Si
104303,Juliana,1181217689,50,391,False,False,Publico,...,Minterior,...,Femenino,Barcelona,España,No
104304,Felipe,1167001729,70,706,False,False,Publico,...,Armada,Colfondos,Masculino,Astana,Kazajistán,Si
104305,Nicolas,1277262506,30,787,False,False,...,Civil,Porvenir,...,Masculino,Ciudad de México,México,No Si
104306,Espinoza,1205644043,70,226,False,False,...,Civil,Proteccion,...,Masculino,Monterrey,México,No No
104307,Paula,1885504544,32,175,False,False,...,Civil,Proteccion,...,Femenino,Milán,Italia,Si
104308,Pancho,1988180403,57,342,False,False,...,Civil,Colfondos,...,Masculino,Múnich,Alemania,No
104309,Juana,1193701252,44,570,False,False,...,Civil,Colfondos,...,Femenino,Abu Dhabi,Emiratos Árabes Unidos,Si
104310,Orlando,1699460017,26,260,False,False,...,Civil,Old Mutual,...,Masculino,Kuwait,Kuwait,No
104311,Santiago,1608335347,30,714,True,False,...,Civil,Porvenir,...,Masculino,La Paz,Bolivia,Si
104312,Juan Villa,1052367140,70,133,False,False,...,Civil,Porvenir,...,Masculino,Riad,Arabia Saudita,No
104313,Felipe,1311957915,50,271,False,False,Publico,...,Armada,Porvenir,Masculino,Cali,Colombia,Si
104314,David,1641627195,37,869,False,False,Publico,...,Inpec,Old Mutual,Masculino,Riad,Arabia Saudita,No Si
104315,Anuel,1872983039,26,398,False,False,Publico,...,Inpec,Old Mutual,Masculino,Karachi,Pakistán,No No
104316,Ariel,1981628707,63,149,False,False,Publico,...,Inpec,Old Mutual,Masculino,Buenos Aires,Argentina,Si
104317,Ariel,1412599487,26,570,False,False,Publico,...,Inpec,Old Mutual,Masculino,Los Ángeles,Estados Unidos,No Si
104318,Dahiana,1457497429,35,581,False,False,Publico,...,Policia,Proteccion,Femenino,Dubái,Emiratos Árabes Unidos,No No
104319,Lucia,1237351534,65,821,False,False,Publico,...,Minsalud,...,Femenino,Cali,Colombia,Si
104320,Kelly,1406025207,50,682,False,False,Publico,...,Minsalud,...,Femenino,Milán,Italia,No
104321,Juliana,1226829236,66,838,False,False,Publico,...,Minterior,...,Femenino,Doha,Catar,Si
104322,Juliana,1956369964,58,754,False,False,Publico,...,Minterior,...,Femenino,Armenia,Colombia,No
104323,Felipe,1370390991,52,236,False,False,Publico,...,Armada,Colfondos,Masculino,San Petersburgo,Rusia,Si
104324,Nicolas,1154264696,58,579,False,False,...,Civil,Porvenir,...,Masculino,Londres,Reino Unido,No Si
104325,Espinoza,1696808032,29,651,False,False,...,Civil,Proteccion,...,Masculino,Milán,Italia,No No
104326,Paula,1556691039,57,516,False,False,...,Civil,Proteccion,...,Femenino,Ciudad de México,México,Si
104327,Pancho,1016354684,61,815,False,False,...,Civil,Colfondos,...,Masculino,Karachi,Pakistán,No
104328,Juana,1143803673,25,585,False,False,...,Civil,Colfondos,...,Femenino,Melbourne,Australia,Si
104329,Orlando,1412029259,63,305,False,False,...,Civil,Old Mutual,...,Masculino,Taskent,Uzbekistán,No
104330,Santiago,1732072400,37,427,True,False,...,Civil,Porvenir,...,Masculino,Taskent,Uzbekistán,Si
104331,Juan Villa,1227796375,38,805,False,False,...,Civil,Porvenir,...,Masculino,Bangkok,Tailandia,No
104332,Felipe,1792794268,49,513,False,False,Publico,...,Armada,Porvenir,Masculino,Amán,Jordania,Si
104333,David,1436268016,58,711,False,False,Publico,...,Inpec,Old Mutual,Masculino,Almaty,Kazajistán,No Si
104334,Anuel,1919126106,57,458,False,False,Publico,...,Inpec,Old Mutual,Masculino,Bombay,India,No No
104335,Ariel,1677192199,32,307,False,False,Publico,...,Inpec,Old Mutual,Masculino,Nueva York,Estados Unidos,Si
104336,Ariel,1839839733,31,195,False,False,Publico,...,Inpec,Old Mutual,Masculino,Riad,Arabia Saudita,No Si
104337,Dahiana,1799303152,27,751,False,False,Publico,...,Policia,Proteccion,Femenino,Astana,Kazajistán,No No
104338,Lucia,1326192090,49,371,False,False,Publico,...,Minsalud,...,Femenino,Bangkok,Tailandia,Si
104339,Kelly,1012168288,26,277,False,False,Publico,...,Minsalud,...,Femenino,París,Francia,No
104340,Juliana,1028991016,27,140,False,False,Publico,...,Minterior,...,Femenino,Seúl,Corea del Sur,Si
104341,Juliana,1419964756,44,133,False,False,Publico,...,Minterior,...,Femenino,La Paz,Bolivia,No
104342,Felipe,1880263843,60,579,False,False,Publico,...,Armada,Colfondos,Masculino,Medellín,Colombia,Si
104343,Nicolas,1643048080,27,318,False,False,...,Civil,Porvenir,...,Masculino,Doha,Catar,No Si
104344,Espinoza,1277315835,66,846,False,False,...,Civil,Proteccion,...,Masculino,Astana,Kazajistán,No No
104345,Paula,1733560242,60,407,False,False,...,Civil,Proteccion,...,Femenino,Beirut,Líbano,Si
104346,Pancho,1370628881,64,284,False,False,...,Civil,Colfondos,...,Masculino,Lima,Perú,No
104347,Juana,1427467045,50,440,False,False,...,Civil,Colfondos,...,Femenino,Abu Dhabi,Emiratos Árabes Unidos,Si
104348,Orlando,1556632076,69,260,False,False,...,Civil,Old Mutual,...,Masculino,Lima,Perú,No
104349,Santiago,1086119430,62,646,True,False,...,Civil,Porvenir,...,Masculino,Lima,Perú,Si
104350,Juan Villa,1839716466,70,125,False,False,...,Civil,Porvenir,...,Masculino,Bangkok,Tailandia,No
104351,Felipe,1032076993,36,842,False,False,Publico,...,Armada,Porvenir,Masculino,Beirut,Líbano,Si
104352,David,1116424726,48,423,False,False,Publico,...,Inpec,Old Mutual,Masculino,Bombay,India,No Si
104353,Anuel,1709941104,67,821,False,False,Publico,...,Inpec,Old Mutual,Masculino,Buenos Aires,Argentina,No No
104354,Ariel,1965947320,68,689,False,False,Publico,...,Inpec,Old Mutual,Masculino,Kuwait,Kuwait,Si
104355,Ariel,1896677238,53,151,False,False,Publico,...,Inpec,Old Mutual,Masculino,Kabul,Afganistán,No Si
104356,Dahiana,1638126350,66,706,False,False,Publico,...,Policia,Proteccion,Femenino,Hanoi,Vietnam,No No
104357,Lucia,1564035084,69,516,False,False,Publico,...,Minsalud,...,Femenino,Osaka,Japón,Si
104358,Kelly,1224802741,63,620,False,False,Publico,...,Minsalud,...,Femenino,Mashhad,Irán,No
104359,Juliana,1753457534,37,225,False,False,Publico,...,Minterior,...,Femenino,Doha,Catar,Si
104360,Juliana,1551146292,34,899,False,False,Publico,...,Minterior,...,Femenino,Kuwait,Kuwait,No
104361,Felipe,1009904049,41,787,False,False,Publico,...,Armada,Colfondos,Masculino,Islamabad,Pakistán,Si
104362,Nicolas,1043569058,32,226,False,False,...,Civil,Porvenir,...,Masculino,Hanoi,Vietnam,No Si
104363,Espinoza,1347068090,36,334,False,False,...,Civil,Proteccion,...,Masculino,Barcelona,España,No No
104364,Paula,1353499964,43,385,False,False,...,Civil,Proteccion,...,Femenino,Buenos Aires,Argentina,Si
104365,Pancho,1714634510,40,811,False,False,...,Civil,Colfondos,...,Masculino,Almaty,Kazajistán,No
104366,Juana,1882535934,28,653,False,False,...,Civil,Colfondos,...,Femenino,Milán,Italia,Si
104367,Orlando,1477216456,63,141,False,False,...,Civil,Old Mutual,...,Masculino,Armenia,Colombia,No
104368,Santiago,1630501274,37,145,True,False,...,Civil,Porvenir,...,Masculino,Melbourne,Australia,Si
104369,Juan Villa,1974792502,31,326,False,False,...,Civil,Porvenir,...,Masculino,Cartagena,Colombia,No
104370,Felipe,1495762875,67,596,False,False,Publico,...,Armada,Porvenir,Masculino,Sídney,Australia,Si
104371,David,1353120006,46,358,False,False,Publico,...,Inpec,Old Mutual,Masculino,Cartagena,Colombia,No Si
104372,Anuel,1025427904,54,535,False,False,Publico,...,Inpec,Old Mutual,Masculino,Kuwait,Kuwait,No No
104373,Ariel,1814393019,32,433,False,False,Publico,...,Inpec,Old Mutual,Masculino,Nueva York,Estados Unidos,Si
104374,Ariel,1302681092,40,632,False,False,Publico,...,Inpec,Old Mutual,Masculino,Kuwait,Kuwait,No Si
104375,Dahiana,1320190793,38,226,False,False,Publico,...,Policia,Proteccion,Femenino,Taskent,Uzbekistán,No No
104376,Lucia,1955236949,31,413,False,False,Publico,...,Minsalud,...,Femenino,Londres,Reino Unido,Si
104377,Kelly,1230916024,50,802,False,False,Publico,...,Minsalud,...,Femenino,Dubái,Emiratos Árabes Unidos,No
104378,Juliana,1621402269,34,722,False,False,Publico,...,Minterior,...,Femenino,Moscú,Rusia,Si
104379,Juliana,1322627798,27,101,False,False,Publico,...,Minterior,...,Femenino,Ciudad de México,México,No
104380,Felipe,1399910219,61,225,False,False,Publico,...,Armada,Colfondos,Masculino,Ashgabat,Turkmenistán,Si
104381,Nicolas,1711092618,41,325,False,False,...,Civil,Porvenir,...,Masculino,Madrid,España,No Si
104382,Espinoza,1580699167,36,431,False,False,...,Civil,Proteccion,...,Masculino,La Paz,Bolivia,No No
104383,Paula,1589502030,44,498,False,False,...,Civil,Proteccion,...,Femenino,Roma,Italia,Si
104384,Pancho,1776736735,58,631,False,False,...,Civil,Colfondos,...,Masculino,La Paz,Bolivia,No
104385,Juana,1819167886,25,361,False,False,...,Civil,Colfondos,...,Femenino,Dubái,Emiratos Árabes Unidos,Si
104386,Orlando,1811642928,68,797,False,False,...,Civil,Old Mutual,...,Masculino,Tokio,Japón,No
104387,Santiago,1207545980,42,418,True,False,...,Civil,Porvenir,...,Masculino,Teherán,Irán,Si
104388,Juan Villa,1445629124,31,509,False,False,...,Civil,Porvenir,...,Masculino,Barcelona,España,No
104389,Felipe,1372861807,54,879,False,False,Publico,...,Armada,Porvenir,Masculino,Berlín,Alemania,Si
104390,David,1131360309,33,349,False,False,Publico,...,Inpec,Old Mutual,Masculino,Bombay,India,No Si
104391,Anuel,1039403242,66,400,False,False,Publico,...,Inpec,Old Mutual,Masculino,Múnich,Alemania,No No
104392,Ariel,1296530578,49,765,False,False,Publico,...,Inpec,Old Mutual,Masculino,Almaty,Kazajistán,Si
104393,Ariel,1118155845,63,132,False,False,Publico,...,Inpec,Old Mutual,Masculino,San Francisco,Estados Unidos,No Si
104394,Dahiana,1997264220,48,571,False,False,Publico,...,Policia,Proteccion,Femenino,Islamabad,Pakistán,No No
104395,Lucia,1554256817,26,354,False,False,Publico,...,Minsalud,...,Femenino,Islamabad,Pakistán,Si
104396,Kelly,1401311725,59,511,False,False,Publico,...,Minsalud,...,Femenino,Amán,Jordania,No
104397,Juliana,1227880300,46,326,False,False,Publico,...,Minterior,...,Femenino,Nueva York,Estados Unidos,Si
104398,Juliana,1524058178,27,857,False,False,Publico,...,Minterior,...,Femenino,Kuwait,Kuwait,No
104399,Felipe,1967618582,50,574,False,False,Publico,...,Armada,Colfondos,Masculino,Cali,Colombia,Si
104400,Nicolas,1542853912,46,259,False,False,...,Civil,Porvenir,...,Masculino,París,Francia,No Si
104401,Espinoza,1820347030,38,423,False,False,...,Civil,Proteccion,...,Masculino,Dubái,Emiratos Árabes Unidos,No No
104402,Paula,1771511130,54,884,False,False,...,Civil,Proteccion,...,Femenino,San Francisco,Estados Unidos,Si
104403,Pancho,1645889191,35,274,False,False,...,Civil,Colfondos,...,Masculino,Hanoi,Vietnam,No
104404,Juana,1509810288,46,362,False,False,...,Civil,Colfondos,...,Femenino,Londres,Reino Unido,Si
104405,Orlando,1243090422,52,515,False,False,...,Civil,Old Mutual,...,Masculino,Lima,Perú,No
104406,Santiago,1423823267,63,850,True,False,...,Civil,Porvenir,...,Masculino,Buenos Aires,Argentina,Si
104407,Juan Villa,1676064589,66,473,False,False,...,Civil,Porvenir,...,Masculino,Kabul,Afganistán,No
104408,Felipe,1171409080,53,589,False,False,Publico,...,Armada,Porvenir,Masculino,Almaty,Kazajistán,Si
104409,David,1047558018,49,764,False,False,Publico,...,Inpec,Old Mutual,Masculino,Ashgabat,Turkmenistán,No Si
104410,Anuel,1584941986,55,381,False,False,Publico,...,Inpec,Old Mutual,Masculino,Almaty,Kazajistán,No No
104411,Ariel,1681456515,56,518,False,False,Publico,...,Inpec,Old Mutual,Masculino,Hanoi,Vietnam,Si
104412,Ariel,1848222436,45,635,False,False,Publico,...,Inpec,Old Mutual,Masculino,Karachi,Pakistán,No Si
104413,Dahiana,1058272176,53,801,False,False,Publico,...,Policia,Proteccion,Femenino,Taskent,Uzbekistán,No No
104414,Lucia,1356578385,32,405,False,False,Publico,...,Minsalud,...,Femenino,San Petersburgo,Rusia,Si
104415,Kelly,1870738574,51,715,False,False,Publico,...,Minsalud,...,Femenino,Almaty,Kazajistán,No
104416,Juliana,1221864890,45,587,False,False,Publico,...,Minterior,...,Femenino,Beirut,Líbano,Si
104417,Juliana,1774945909,32,785,False,False,Publico,...,Minterior,...,Femenino,Teherán,Irán,No
104418,Felipe,1461636637,25,235,False,False,Publico,...,Armada,Colfondos,Masculino,Cali,Colombia,Si
104419,Nicolas,1585006651,58,595,False,False,...,Civil,Porvenir,...,Masculino,Tokio,Japón,No Si
104420,Espinoza,1647663687,62,257,False,False,...,Civil,Proteccion,...,Masculino,La Paz,Bolivia,No No
104421,Paula,1101345738,28,138,False,False,...,Civil,Proteccion,...,Femenino,La Paz,Bolivia,Si
104422,Pancho,1895656781,28,890,False,False,...,Civil,Colfondos,...,Masculino,Karachi,Pakistán,No
104423,Juana,1088277706,54,388,False,False,...,Civil,Colfondos,...,Femenino,Cali,Colombia,Si
104424,Orlando,1845069131,65,624,False,False,...,Civil,Old Mutual,...,Masculino,Amán,Jordania,No
104425,Santiago,1855769440,45,748,True,False,...,Civil,Porvenir,...,Masculino,Beirut,Líbano,Si
104426,Juan Villa,1424756937,29,637,False,False,...,Civil,Porvenir,...,Masculino,Almaty,Kazajistán,No
104427,Felipe,1996442921,57,249,False,False,Publico,...,Armada,Porvenir,Masculino,Melbourne,Australia,Si
104428,David,1398246842,68,633,False,False,Publico,...,Inpec,Old Mutual,Masculino,Abu Dhabi,Emiratos Árabes Unidos,No Si
104429,Anuel,1754900741,51,717,False,False,Publico,...,Inpec,Old Mutual,Masculino,Delhi,India,No No
104430,Ariel,1069112763,37,460,False,False,Publico,...,Inpec,Old Mutual,Masculino,Londres,Reino Unido,Si
104431,Ariel,1134877095,47,332,False,False,Publico,...,Inpec,Old Mutual,Masculino,Seúl,Corea del Sur,No Si
104432,Dahiana,1082069338,55,422,False,False,Publico,...,Policia,Proteccion,Femenino,Dubái,Emiratos Árabes Unidos,No No
104433,Lucia,1372493702,35,113,False,False,Publico,...,Minsalud,...,Femenino,Mashhad,Irán,Si
104434,Kelly,1316979614,31,511,False,False,Publico,...,Minsalud,...,Femenino,Cartagena,Colombia,No
104435,Juliana,1946812725,32,455,False,False,Publico,...,Minterior,...,Femenino,Kabul,Afganistán,Si
104436,Juliana,1941348384,29,134,False,False,Publico,...,Minterior,...,Femenino,La Paz,Bolivia,No
104437,Felipe,1013934306,70,224,False,False,Publico,...,Armada,Colfondos,Masculino,Madrid,España,Si
104438,Nicolas,1012986072,62,704,False,False,...,Civil,Porvenir,...,Masculino,Medellín,Colombia,No Si
104439,Espinoza,1876594455,41,250,False,False,...,Civil,Proteccion,...,Masculino,Santiago,Chile,No No
104440,Paula,1854387832,57,424,False,False,...,Civil,Proteccion,...,Femenino,Amán,Jordania,Si
104441,Pancho,1518279276,48,835,False,False,...,Civil,Colfondos,...,Masculino,Almaty,Kazajistán,No
104442,Juana,1050446436,30,849,False,False,...,Civil,Colfondos,...,Femenino,Beirut,Líbano,Si
104443,Orlando,1643042396,61,559,False,False,...,Civil,Old Mutual,...,Masculino,Teherán,Irán,No
104444,Santiago,1677763619,39,534,True,False,...,Civil,Porvenir,...,Masculino,Roma,Italia,Si
104445,Juan Villa,1663370560,47,467,False,False,...,Civil,Porvenir,...,Masculino,Barcelona,España,No
104446,Felipe,1202376339,34,217,False,False,Publico,...,Armada,Porvenir,Masculino,Sídney,Australia,Si
104447,David,1541296741,32,793,False,False,Publico,...,Inpec,Old Mutual,Masculino,Islamabad,Pakistán,No Si
104448,Anuel,1147777901,31,486,False,False,Publico,...,Inpec,Old Mutual,Masculino,Islamabad,Pakistán,No No
104449,Ariel,1882141090,42,124,False,False,Publico,...,Inpec,Old Mutual,Masculino,Londres,Reino Unido,Si
104450,Ariel,1760376020,25,892,False,False,Publico,...,Inpec,Old Mutual,Masculino,Bombay,India,No Si
104451,Dahiana,1224626900,40,753,False,False,Publico,...,Policia,Proteccion,Femenino,Nueva York,Estados Unidos,No No
104452,Lucia,1908708441,64,794,False,False,Publico,...,Minsalud,...,Femenino,Hanoi,Vietnam,Si
104453,Kelly,1117171118,52,111,False,False,Publico,...,Minsalud,...,Femenino,Tokio,Japón,No
104454,Juliana,1679127712,33,167,False,False,Publico,...,Minterior,...,Femenino,Kabul,Afganistán,Si
104455,Juliana,1614148097,63,863,False,False,Publico,...,Minterior,...,Femenino,Armenia,Colombia,No
104456,Felipe,1093160716,65,727,False,False,Publico,...,Armada,Colfondos,Masculino,Santiago,Chile,Si
104457,Nicolas,1184005323,36,413,False,False,...,Civil,Porvenir,...,Masculino,Teherán,Irán,No Si
104458,Espinoza,1888955031,60,835,False,False,...,Civil,Proteccion,...,Masculino,Mashhad,Irán,No No
104459,Paula,1953077835,26,724,False,False,...,Civil,Proteccion,...,Femenino,Taskent,Uzbekistán,Si
104460,Pancho,1010826411,31,276,False,False,...,Civil,Colfondos,...,Masculino,Estambul,Turquía,No
104461,Juana,1638028958,51,376,False,False,...,Civil,Colfondos,...,Femenino,Sídney,Australia,Si
104462,Orlando,1987003188,57,549,False,False,...,Civil,Old Mutual,...,Masculino,París,Francia,No
104463,Santiago,1818623507,63,168,True,False,...,Civil,Porvenir,...,Masculino,Moscú,Rusia,Si
104464,Juan Villa,1572263983,31,881,False,False,...,Civil,Porvenir,...,Masculino,Ciudad de México,México,No
104465,Felipe,1334918192,53,140,False,False,Publico,...,Armada,Porvenir,Masculino,Londres,Reino Unido,Si
104466,David,1590790541,60,246,False,False,Publico,...,Inpec,Old Mutual,Masculino,Delhi,India,No Si
104467,Anuel,1986721370,70,510,False,False,Publico,...,Inpec,Old Mutual,Masculino,Los Ángeles,Estados Unidos,No No
104468,Ariel,1511935816,62,605,False,False,Publico,...,Inpec,Old Mutual,Masculino,Berlín,Alemania,Si
104469,Ariel,1177834544,55,733,False,False,Publico,...,Inpec,Old Mutual,Masculino,Bogotá,Colombia,No Si
104470,Dahiana,1386590134,36,865,False,False,Publico,...,Policia,Proteccion,Femenino,Islamabad,Pakistán,No No
104471,Lucia,1810637378,60,128,False,False,Publico,...,Minsalud,...,Femenino,Santiago,Chile,Si
104472,Kelly,1448894058,28,310,False,False,Publico,...,Minsalud,...,Femenino,Cartagena,Colombia,No
104473,Juliana,1556462985,59,863,False,False,Publico,...,Minterior,...,Femenino,Islamabad,Pakistán,Si
104474,Juliana,1351704190,46,743,False,False,Publico,...,Minterior,...,Femenino,Moscú,Rusia,No
104475,Felipe,1252956204,39,202,False,False,Publico,...,Armada,Colfondos,Masculino,Taskent,Uzbekistán,Si
104476,Nicolas,1883434933,43,854,False,False,...,Civil,Porvenir,...,Masculino,San Petersburgo,Rusia,No Si
104477,Espinoza,1350972385,27,109,False,False,...,Civil,Proteccion,...,Masculino,Bombay,India,No No
104478,Paula,1729725761,37,219,False,False,...,Civil,Proteccion,...,Femenino,Los Ángeles,Estados Unidos,Si
104479,Pancho,1082511298,32,159,False,False,...,Civil,Colfondos,...,Masculino,Astana,Kazajistán,No
104480,Juana,1554867073,48,658,False,False,...,Civil,Colfondos,...,Femenino,Tokio,Japón,Si
104481,Orlando,1356160672,35,315,False,False,...,Civil,Old Mutual,...,Masculino,Berlín,Alemania,No
104482,Santiago,1800020202,27,136,True,False,...,Civil,Porvenir,...,Masculino,Kabul,Afganistán,Si
104483,Juan Villa,1662881953,34,494,False,False,...,Civil,Porvenir,...,Masculino,Delhi,India,No
104484,Felipe,1876205431,55,429,False,False,Publico,...,Armada,Porvenir,Masculino,Armenia,Colombia,Si
104485,David,1958944106,42,532,False,False,Publico,...,Inpec,Old Mutual,Masculino,Kabul,Afganistán,No Si
104486,Anuel,1942139694,57,699,False,False,Publico,...,Inpec,Old Mutual,Masculino,Roma,Italia,No No
104487,Ariel,1009017177,50,596,False,False,Publico,...,Inpec,Old Mutual,Masculino,Bogotá,Colombia,Si
104488,Ariel,1225232557,44,322,False,False,Publico,...,Inpec,Old Mutual,Masculino,Cartagena,Colombia,No Si
104489,Dahiana,1351160273,54,277,False,False,Publico,...,Policia,Proteccion,Femenino,Kabul,Afganistán,No No
104490,Lucia,1826352439,30,394,False,False,Publico,...,Minsalud,...,Femenino,Kabul,Afganistán,Si
104491,Kelly,1081278813,43,829,False,False,Publico,...,Minsalud,...,Femenino,Armenia,Colombia,No
104492,Juliana,1076422484,34,710,False,False,Publico,...,Minterior,...,Femenino,Almaty,Kazajistán,Si
104493,Juliana,1000447881,28,845,False,False,Publico,...,Minterior,...,Femenino,Dubái,Emiratos Árabes Unidos,No
104494,Felipe,1841839030,25,281,False,False,Publico,...,Armada,Colfondos,Masculino,Moscú,Rusia,Si
104495,Nicolas,1353679786,36,810,False,False,...,Civil,Porvenir,...,Masculino,Barcelona,España,No Si
104496,Espinoza,1721536743,66,443,False,False,...,Civil,Proteccion,...,Masculino,La Paz,Bolivia,No No
104497,Paula,1783669253,62,840,False,False,...,Civil,Proteccion,...,Femenino,Medellín,Colombia,Si
104498,Pancho,1462671720,67,424,False,False,...,Civil,Colfondos,...,Masculino,Islamabad,Pakistán,No
104499,Juana,1173173657,54,728,False,False,...,Civil,Colfondos,...,Femenino,Estambul,Turquía,Si
104500,Orlando,1478931025,58,569,False,False,...,Civil,Old Mutual,...,Masculino,Bangkok,Tailandia,No
104501,Santiago,1884697550,33,303,True,False,...,Civil,Porvenir,...,Masculino,Riad,Arabia Saudita,Si
104502,Juan Villa,1359141759,53,864,False,False,...,Civil,Porvenir,...,Masculino,Almaty,Kazajistán,No
104503,Felipe,1119998287,68,543,False,False,Publico,...,Armada,Porvenir,Masculino,Moscú,Rusia,Si
104504,David,1093121217,28,478,False,False,Publico,...,Inpec,Old Mutual,Masculino,Bogotá,Colombia,No Si
104505,Anuel,1877528680,26,523,False,False,Publico,...,Inpec,Old Mutual,Masculino,Amán,Jordania,No No
104506,Ariel,1464239712,70,469,False,False,Publico,...,Inpec,Old Mutual,Masculino,Astana,Kazajistán,Si
104507,Ariel,1969425178,29,394,False,False,Publico,...,Inpec,Old Mutual,Masculino,Astana,Kazajistán,No Si
104508,Dahiana,1562890933,54,734,False,False,Publico,...,Policia,Proteccion,Femenino,Teherán,Irán,No No
104509,Lucia,1359382288,61,626,False,False,Publico,...,Minsalud,...,Femenino,Lima,Perú,Si
104510,Kelly,1490300171,30,185,False,False,Publico,...,Minsalud,...,Femenino,Los Ángeles,Estados Unidos,No
104511,Juliana,1165103140,68,155,False,False,Publico,...,Minterior,...,Femenino,Melbourne,Australia,Si
104512,Juliana,1904618715,66,812,False,False,Publico,...,Minterior,...,Femenino,Roma,Italia,No
104513,Felipe,1630431924,35,308,False,False,Publico,...,Armada,Colfondos,Masculino,Mashhad,Irán,Si
104514,Nicolas,1769038298,32,752,False,False,...,Civil,Porvenir,...,Masculino,Estambul,Turquía,No Si
104515,Espinoza,1267224481,53,884,False,False,...,Civil,Proteccion,...,Masculino,Barcelona,España,No No
104516,Paula,1004742209,62,668,False,False,...,Civil,Proteccion,...,Femenino,Moscú,Rusia,Si
104517,Pancho,1763379692,30,865,False,False,...,Civil,Colfondos,...,Masculino,Riad,Arabia Saudita,No
104518,Juana,1490863915,67,277,False,False,...,Civil,Colfondos,...,Femenino,Abu Dhabi,Emiratos Árabes Unidos,Si
104519,Orlando,1633704918,28,222,False,False,...,Civil,Old Mutual,...,Masculino,Ashgabat,Turkmenistán,No
104520,Santiago,1626135957,55,379,True,False,...,Civil,Porvenir,...,Masculino,Milán,Italia,Si
104521,Juan Villa,1190469397,69,195,False,False,...,Civil,Porvenir,...,Masculino,Estambul,Turquía,No
104522,Felipe,1996279691,48,365,False,False,Publico,...,Armada,Porvenir,Masculino,Kuwait,Kuwait,Si
104523,David,1807526354,50,498,False,False,Publico,...,Inpec,Old Mutual,Masculino,Barcelona,España,No Si
104524,Anuel,1242989371,33,500,False,False,Publico,...,Inpec,Old Mutual,Masculino,Roma,Italia,No No
104525,Ariel,1039522925,66,576,False,False,Publico,...,Inpec,Old Mutual,Masculino,Almaty,Kazajistán,Si
104526,Ariel,1835110759,47,208,False,False,Publico,...,Inpec,Old Mutual,Masculino,Kabul,Afganistán,No Si
104527,Dahiana,1146601348,65,309,False,False,Publico,...,Policia,Proteccion,Femenino,Tokio,Japón,No No
104528,Lucia,1049030570,31,586,False,False,Publico,...,Minsalud,...,Femenino,Londres,Reino Unido,Si
104529,Kelly,1532465843,69,471,False,False,Publico,...,Minsalud,...,Femenino,Astana,Kazajistán,No
104530,Juliana,1648842790,47,735,False,False,Publico,...,Minterior,...,Femenino,Ciudad de México,México,Si
104531,Juliana,1499600834,55,305,False,False,Publico,...,Minterior,...,Femenino,Ashgabat,Turkmenistán,No
104532,Felipe,1712003129,25,851,False,False,Publico,...,Armada,Colfondos,Masculino,Milán,Italia,Si
104533,Nicolas,1545066887,33,276,False,False,...,Civil,Porvenir,...,Masculino,Abu Dhabi,Emiratos Árabes Unidos,No Si
104534,Espinoza,1799636677,27,682,False,False,...,Civil,Proteccion,...,Masculino,Kuwait,Kuwait,No No
104535,Paula,1118740423,63,102,False,False,...,Civil,Proteccion,...,Femenino,Ciudad de México,México,Si
104536,Pancho,1660906440,67,816,False,False,...,Civil,Colfondos,...,Masculino,Ciudad de México,México,No
104537,Juana,1552643383,70,293,False,False,...,Civil,Colfondos,...,Femenino,San Petersburgo,Rusia,Si
104538,Orlando,1749087887,50,744,False,False,...,Civil,Old Mutual,...,Masculino,Amán,Jordania,No
104539,Santiago,1378143680,52,194,True,False,...,Civil,Porvenir,...,Masculino,Kabul,Afganistán,Si
104540,Juan Villa,1866756068,33,433,False,False,...,Civil,Porvenir,...,Masculino,Sídney,Australia,No
104541,Felipe,1942594598,61,422,False,False,Publico,...,Armada,Porvenir,Masculino,Hanoi,Vietnam,Si
104542,David,1457705406,43,109,False,False,Publico,...,Inpec,Old Mutual,Masculino,Cartagena,Colombia,No Si
104543,Anuel,1054754465,53,220,False,False,Publico,...,Inpec,Old Mutual,Masculino,Hanoi,Vietnam,No No
104544,Ariel,1753364326,67,678,False,False,Publico,...,Inpec,Old Mutual,Masculino,Madrid,España,Si
104545,Ariel,1647814162,62,881,False,False,Publico,...,Inpec,Old Mutual,Masculino,Estambul,Turquía,No Si
104546,Dahiana,1052567694,60,627,False,False,Publico,...,Policia,Proteccion,Femenino,Melbourne,Australia,No No
104547,Lucia,1749296671,52,716,False,False,Publico,...,Minsalud,...,Femenino,Santiago,Chile,Si
104548,Kelly,1131506402,58,258,False,False,Publico,...,Minsalud,...,Femenino,Cartagena,Colombia,No
104549,Juliana,1940335159,49,402,False,False,Publico,...,Minterior,...,Femenino,Santiago,Chile,Si
104550,Juliana,1612597046,45,507,False,False,Publico,...,Minterior,...,Femenino,Astana,Kazajistán,No
104551,Felipe,1643150981,30,646,False,False,Publico,...,Armada,Colfondos,Masculino,Doha,Catar,Si
104552,Nicolas,1692690450,43,448,False,False,...,Civil,Porvenir,...,Masculino,Nueva York,Estados Unidos,No Si
104553,Espinoza,1351947358,67,278,False,False,...,Civil,Proteccion,...,Masculino,Dubái,Emiratos Árabes Unidos,No No
104554,Paula,1909283567,38,182,False,False,...,Civil,Proteccion,...,Femenino,Los Ángeles,Estados Unidos,Si
104555,Pancho,1591652679,37,700,False,False,...,Civil,Colfondos,...,Masculino,Astana,Kazajistán,No
104556,Juana,1634463921,63,511,False,False,...,Civil,Colfondos,...,Femenino,Cartagena,Colombia,Si
104557,Orlando,1124434551,65,149,False,False,...,Civil,Old Mutual,...,Masculino,Karachi,Pakistán,No
104558,Santiago,1033980219,68,666,True,False,...,Civil,Porvenir,...,Masculino,Santiago,Chile,Si
104559,Juan Villa,1147810913,30,437,False,False,...,Civil,Porvenir,...,Masculino,Amán,Jordania,No
104560,Felipe,1714422953,30,128,False,False,Publico,...,Armada,Porvenir,Masculino,Teherán,Irán,Si
104561,David,1934218345,64,380,False,False,Publico,...,Inpec,Old Mutual,Masculino,Kabul,Afganistán,No Si
104562,Anuel,1107468850,51,460,False,False,Publico,...,Inpec,Old Mutual,Masculino,Riad,Arabia Saudita,No No
104563,Ariel,1491954899,42,230,False,False,Publico,...,Inpec,Old Mutual,Masculino,Milán,Italia,Si
104564,Ariel,1655677912,38,696,False,False,Publico,...,Inpec,Old Mutual,Masculino,Armenia,Colombia,No Si
104565,Dahiana,1452051033,26,165,False,False,Publico,...,Policia,Proteccion,Femenino,Dubái,Emiratos Árabes Unidos,No No
104566,Lucia,1387002969,39,124,False,False,Publico,...,Minsalud,...,Femenino,Kuwait,Kuwait,Si
104567,Kelly,1567438032,35,150,False,False,Publico,...,Minsalud,...,Femenino,Armenia,Colombia,No
104568,Juliana,1551094599,69,131,False,False,Publico,...,Minterior,...,Femenino,Múnich,Alemania,Si
104569,Juliana,1819402914,34,688,False,False,Publico,...,Minterior,...,Femenino,La Paz,Bolivia,No
104570,Felipe,1209251100,60,344,False,False,Publico,...,Armada,Colfondos,Masculino,Karachi,Pakistán,Si
104571,Nicolas,1192147659,60,269,False,False,...,Civil,Porvenir,...,Masculino,Lima,Perú,No Si
104572,Espinoza,1032126349,51,671,False,False,...,Civil,Proteccion,...,Masculino,Moscú,Rusia,No No
104573,Paula,1673600453,32,384,False,False,...,Civil,Proteccion,...,Femenino,La Paz,Bolivia,Si
104574,Pancho,1796089571,45,293,False,False,...,Civil,Colfondos,...,Masculino,Islamabad,Pakistán,No
104575,Juana,1582234381,48,665,False,False,...,Civil,Colfondos,...,Femenino,Madrid,España,Si
104576,Orlando,1915206975,49,426,False,False,...,Civil,Old Mutual,...,Masculino,Cartagena,Colombia,No
104577,Santiago,1022329692,57,688,True,False,...,Civil,Porvenir,...,Masculino,Kabul,Afganistán,Si
104578,Juan Villa,1939464821,60,821,False,False,...,Civil,Porvenir,...,Masculino,Abu Dhabi,Emiratos Árabes Unidos,No
104579,Felipe,1876875617,53,684,False,False,Publico,...,Armada,Porvenir,Masculino,Delhi,India,Si
104580,David,1162801480,55,543,False,False,Publico,...,Inpec,Old Mutual,Masculino,Ciudad de México,México,No Si
104581,Anuel,1286982120,29,439,False,False,Publico,...,Inpec,Old Mutual,Masculino,París,Francia,No No
104582,Ariel,1363323282,48,189,False,False,Publico,...,Inpec,Old Mutual,Masculino,San Petersburgo,Rusia,Si
104583,Ariel,1687967505,51,810,False,False,Publico,...,Inpec,Old Mutual,Masculino,Dubái,Emiratos Árabes Unidos,No Si
104584,Dahiana,1418053886,57,578,False,False,Publico,...,Policia,Proteccion,Femenino,Múnich,Alemania,No No
104585,Lucia,1117586005,50,138,False,False,Publico,...,Minsalud,...,Femenino,Cali,Colombia,Si
104586,Kelly,1203736661,48,452,False,False,Publico,...,Minsalud,...,Femenino,Nueva York,Estados Unidos,No
104587,Juliana,1402774312,42,157,False,False,Publico,...,Minterior,...,Femenino,Nueva York,Estados Unidos,Si
104588,Juliana,1360588051,60,580,False,False,Publico,...,Minterior,...,Femenino,San Petersburgo,Rusia,No
104589,Felipe,1730205452,60,572,False,False,Publico,...,Armada,Colfondos,Masculino,Beirut,Líbano,Si
104590,Nicolas,1654491548,58,222,False,False,...,Civil,Porvenir,...,Masculino,Astana,Kazajistán,No Si
104591,Espinoza,1538120051,65,143,False,False,...,Civil,Proteccion,...,Masculino,Kuwait,Kuwait,No No
104592,Paula,1202647719,33,391,False,False,...,Civil,Proteccion,...,Femenino,Múnich,Alemania,Si
104593,Pancho,1397639532,61,142,False,False,...,Civil,Colfondos,...,Masculino,Roma,Italia,No
104594,Juana,1501207023,66,190,False,False,...,Civil,Colfondos,...,Femenino,Teherán,Irán,Si
104595,Orlando,1505534856,55,445,False,False,...,Civil,Old Mutual,...,Masculino,San Francisco,Estados Unidos,No
104596,Santiago,1109280595,27,616,True,False,...,Civil,Porvenir,...,Masculino,Almaty,Kazajistán,Si
104597,Juan Villa,1108807548,41,350,False,False,...,Civil,Porvenir,...,Masculino,Ashgabat,Turkmenistán,No
104598,Felipe,1651564095,53,263,False,False,Publico,...,Armada,Porvenir,Masculino,Berlín,Alemania,Si
104599,David,1179508312,62,483,False,False,Publico,...,Inpec,Old Mutual,Masculino,Buenos Aires,Argentina,No Si
104600,Anuel,1802751325,37,229,False,False,Publico,...,Inpec,Old Mutual,Masculino,Mashhad,Irán,No No
104601,Ariel,1283696047,59,295,False,False,Publico,...,Inpec,Old Mutual,Masculino,Islamabad,Pakistán,Si
104602,Ariel,1640795577,51,736,False,False,Publico,...,Inpec,Old Mutual,Masculino,Abu Dhabi,Emiratos Árabes Unidos,No Si
104603,Dahiana,1440431274,43,746,False,False,Publico,...,Policia,Proteccion,Femenino,Londres,Reino Unido,No No
104604,Lucia,1171084531,37,106,False,False,Publico,...,Minsalud,...,Femenino,Bombay,India,Si
104605,Kelly,1326278765,38,718,False,False,Publico,...,Minsalud,...,Femenino,Melbourne,Australia,No
104606,Juliana,1315823833,54,341,False,False,Publico,...,Minterior,...,Femenino,Kuwait,Kuwait,Si
104607,Juliana,1396178363,57,434,False,False,Publico,...,Minterior,...,Femenino,Dushanbe,Tayikistán,No
104608,Felipe,1629415145,33,502,False,False,Publico,...,Armada,Colfondos,Masculino,Kabul,Afganistán,Si
104609,Nicolas,1541130323,40,771,False,False,...,Civil,Porvenir,...,Masculino,Sídney,Australia,No Si
104610,Espinoza,1169593112,51,296,False,False,...,Civil,Proteccion,...,Masculino,Dushanbe,Tayikistán,No No
104611,Paula,1850071927,30,391,False,False,...,Civil,Proteccion,...,Femenino,Buenos Aires,Argentina,Si
104612,Pancho,1418199260,69,243,False,False,...,Civil,Colfondos,...,Masculino,Tokio,Japón,No
104613,Juana,1115485178,69,348,False,False,...,Civil,Colfondos,...,Femenino,Berlín,Alemania,Si
104614,Orlando,1094358770,66,886,False,False,...,Civil,Old Mutual,...,Masculino,Astana,Kazajistán,No
104615,Santiago,1381343807,39,573,True,False,...,Civil,Porvenir,...,Masculino,Delhi,India,Si
104616,Juan Villa,1637823318,27,410,False,False,...,Civil,Porvenir,...,Masculino,Bangkok,Tailandia,No
104617,Felipe,1352020271,67,676,False,False,Publico,...,Armada,Porvenir,Masculino,Teherán,Irán,Si
104618,David,1959929607,65,370,False,False,Publico,...,Inpec,Old Mutual,Masculino,Islamabad,Pakistán,No Si
104619,Anuel,1926978440,27,548,False,False,Publico,...,Inpec,Old Mutual,Masculino,Ashgabat,Turkmenistán,No No
104620,Ariel,1243701780,45,783,False,False,Publico,...,Inpec,Old Mutual,Masculino,Osaka,Japón,Si
104621,Ariel,1764378020,58,716,False,False,Publico,...,Inpec,Old Mutual,Masculino,París,Francia,No Si
104622,Dahiana,1732684934,66,454,False,False,Publico,...,Policia,Proteccion,Femenino,Berlín,Alemania,No No
104623,Lucia,1167034883,62,274,False,False,Publico,...,Minsalud,...,Femenino,Mashhad,Irán,Si
104624,Kelly,1538944575,60,274,False,False,Publico,...,Minsalud,...,Femenino,Quito,Ecuador,No
104625,Juliana,1402612455,52,803,False,False,Publico,...,Minterior,...,Femenino,Londres,Reino Unido,Si
104626,Juliana,1160414063,66,369,False,False,Publico,...,Minterior,...,Femenino,Barcelona,España,No
104627,Felipe,1981842456,33,804,False,False,Publico,...,Armada,Colfondos,Masculino,Cartagena,Colombia,Si
104628,Nicolas,1870932445,41,445,False,False,...,Civil,Porvenir,...,Masculino,Ashgabat,Turkmenistán,No Si
104629,Espinoza,1383600572,25,750,False,False,...,Civil,Proteccion,...,Masculino,Ashgabat,Turkmenistán,No No
104630,Paula,1058423268,31,356,False,False,...,Civil,Proteccion,...,Femenino,Kabul,Afganistán,Si
104631,Pancho,1362066878,67,398,False,False,...,Civil,Colfondos,...,Masculino,San Francisco,Estados Unidos,No
104632,Juana,1174544646,33,288,False,False,...,Civil,Colfondos,...,Femenino,Roma,Italia,Si
104633,Orlando,1480505196,68,835,False,False,...,Civil,Old Mutual,...,Masculino,Londres,Reino Unido,No
104634,Santiago,1699923778,53,276,True,False,...,Civil,Porvenir,...,Masculino,Astana,Kazajistán,Si
104635,Juan Villa,1041892428,46,895,False,False,...,Civil,Porvenir,...,Masculino,Cartagena,Colombia,No
104636,Felipe,1320823471,46,739,False,False,Publico,...,Armada,Porvenir,Masculino,Bogotá,Colombia,Si
104637,David,1701472536,28,788,False,False,Publico,...,Inpec,Old Mutual,Masculino,París,Francia,No Si
104638,Anuel,1100447575,59,699,False,False,Publico,...,Inpec,Old Mutual,Masculino,Dubái,Emiratos Árabes Unidos,No No
104639,Ariel,1152606712,37,465,False,False,Publico,...,Inpec,Old Mutual,Masculino,Astana,Kazajistán,Si
104640,Ariel,1944021000,29,439,False,False,Publico,...,Inpec,Old Mutual,Masculino,Ciudad de México,México,No Si
104641,Dahiana,1150556857,36,851,False,False,Publico,...,Policia,Proteccion,Femenino,Delhi,India,No No
104642,Lucia,1863846914,60,699,False,False,Publico,...,Minsalud,...,Femenino,Barcelona,España,Si
104643,Kelly,1217321340,36,713,False,False,Publico,...,Minsalud,...,Femenino,Cartagena,Colombia,No
104644,Juliana,1391802950,25,170,False,False,Publico,...,Minterior,...,Femenino,Seúl,Corea del Sur,Si
104645,Juliana,1746794227,32,847,False,False,Publico,...,Minterior,...,Femenino,Ashgabat,Turkmenistán,No
104646,Felipe,1162516195,36,458,False,False,Publico,...,Armada,Colfondos,Masculino,Estambul,Turquía,Si
104647,Nicolas,1846266262,35,775,False,False,...,Civil,Porvenir,...,Masculino,Madrid,España,No Si
104648,Espinoza,1725947937,70,573,False,False,...,Civil,Proteccion,...,Masculino,Moscú,Rusia,No No
104649,Paula,1527583094,35,271,False,False,...,Civil,Proteccion,...,Femenino,Medellín,Colombia,Si
104650,Pancho,1228563406,67,737,False,False,...,Civil,Colfondos,...,Masculino,Roma,Italia,No
104651,Juana,1786382453,30,415,False,False,...,Civil,Colfondos,...,Femenino,Astana,Kazajistán,Si
104652,Orlando,1466263633,31,415,False,False,...,Civil,Old Mutual,...,Masculino,Bogotá,Colombia,No
104653,Santiago,1866325886,27,709,True,False,...,Civil,Porvenir,...,Masculino,Buenos Aires,Argentina,Si
104654,Juan Villa,1705772986,45,347,False,False,...,Civil,Porvenir,...,Masculino,Taskent,Uzbekistán,No
104655,Felipe,1327949745,58,231,False,False,Publico,...,Armada,Porvenir,Masculino,Riad,Arabia Saudita,Si
104656,David,1249822657,26,834,False,False,Publico,...,Inpec,Old Mutual,Masculino,Astana,Kazajistán,No Si
104657,Anuel,1533481807,60,242,False,False,Publico,...,Inpec,Old Mutual,Masculino,Melbourne,Australia,No No
104658,Ariel,1414957409,29,450,False,False,Publico,...,Inpec,Old Mutual,Masculino,Múnich,Alemania,Si
104659,Ariel,1664611096,35,403,False,False,Publico,...,Inpec,Old Mutual,Masculino,Monterrey,México,No Si
104660,Dahiana,1636397642,49,779,False,False,Publico,...,Policia,Proteccion,Femenino,Roma,Italia,No No
104661,Lucia,1698602376,51,167,False,False,Publico,...,Minsalud,...,Femenino,Dubái,Emiratos Árabes Unidos,Si
104662,Kelly,1598760412,69,784,False,False,Publico,...,Minsalud,...,Femenino,Ashgabat,Turkmenistán,No
104663,Juliana,1941343894,44,460,False,False,Publico,...,Minterior,...,Femenino,Milán,Italia,Si
104664,Juliana,1481578301,45,838,False,False,Publico,...,Minterior,...,Femenino,Madrid,España,No
104665,Felipe,1462117216,39,241,False,False,Publico,...,Armada,Colfondos,Masculino,Ashgabat,Turkmenistán,Si
104666,Nicolas,1685359323,35,677,False,False,...,Civil,Porvenir,...,Masculino,Ashgabat,Turkmenistán,No Si
104667,Espinoza,1588447055,69,163,False,False,...,Civil,Proteccion,...,Masculino,Beirut,Líbano,No No
104668,Paula,1556037891,40,228,False,False,...,Civil,Proteccion,...,Femenino,Islamabad,Pakistán,Si
104669,Pancho,1907944006,33,229,False,False,...,Civil,Colfondos,...,Masculino,Taskent,Uzbekistán,No
104670,Juana,1215923206,62,316,False,False,...,Civil,Colfondos,...,Femenino,Almaty,Kazajistán,Si
104671,Orlando,1774122747,40,867,False,False,...,Civil,Old Mutual,...,Masculino,Bangkok,Tailandia,No
104672,Santiago,1751067561,50,302,True,False,...,Civil,Porvenir,...,Masculino,Kuwait,Kuwait,Si
104673,Juan Villa,1027284552,70,785,False,False,...,Civil,Porvenir,...,Masculino,Mashhad,Irán,No
104674,Felipe,1865139038,32,816,False,False,Publico,...,Armada,Porvenir,Masculino,Sídney,Australia,Si
104675,David,1212992878,43,431,False,False,Publico,...,Inpec,Old Mutual,Masculino,Mashhad,Irán,No Si
104676,Anuel,1675995087,42,114,False,False,Publico,...,Inpec,Old Mutual,Masculino,Buenos Aires,Argentina,No No
104677,Ariel,1709350113,57,458,False,False,Publico,...,Inpec,Old Mutual,Masculino,Melbourne,Australia,Si
104678,Ariel,1105094133,36,250,False,False,Publico,...,Inpec,Old Mutual,Masculino,Delhi,India,No Si
104679,Dahiana,1423261675,53,296,False,False,Publico,...,Policia,Proteccion,Femenino,Almaty,Kazajistán,No No
104680,Lucia,1443873012,63,594,False,False,Publico,...,Minsalud,...,Femenino,Osaka,Japón,Si
104681,Kelly,1968385376,62,446,False,False,Publico,...,Minsalud,...,Femenino,Karachi,Pakistán,No
104682,Juliana,1508220255,56,215,False,False,Publico,...,Minterior,...,Femenino,Santiago,Chile,Si
104683,Juliana,1671467655,62,281,False,False,Publico,...,Minterior,...,Femenino,Roma,Italia,No
104684,Felipe,1284227567,67,573,False,False,Publico,...,Armada,Colfondos,Masculino,Delhi,India,Si
104685,Nicolas,1046688471,64,570,False,False,...,Civil,Porvenir,...,Masculino,Taskent,Uzbekistán,No Si
104686,Espinoza,1514151261,34,687,False,False,...,Civil,Proteccion,...,Masculino,Riad,Arabia Saudita,No No
104687,Paula,1648931177,25,793,False,False,...,Civil,Proteccion,...,Femenino,Karachi,Pakistán,Si
104688,Pancho,1090691517,70,177,False,False,...,Civil,Colfondos,...,Masculino,Múnich,Alemania,No
104689,Juana,1385046386,60,485,False,False,...,Civil,Colfondos,...,Femenino,Astana,Kazajistán,Si
104690,Orlando,1725773645,58,628,False,False,...,Civil,Old Mutual,...,Masculino,Kuwait,Kuwait,No
104691,Santiago,1425992102,35,424,True,False,...,Civil,Porvenir,...,Masculino,Teherán,Irán,Si
104692,Juan Villa,1663722628,53,281,False,False,...,Civil,Porvenir,...,Masculino,Seúl,Corea del Sur,No
104693,Felipe,1938371718,42,219,False,False,Publico,...,Armada,Porvenir,Masculino,París,Francia,Si
104694,David,1058000784,34,726,False,False,Publico,...,Inpec,Old Mutual,Masculino,Santiago,Chile,No Si
104695,Anuel,1771124118,63,469,False,False,Publico,...,Inpec,Old Mutual,Masculino,Lima,Perú,No No
104696,Ariel,1234123810,28,444,False,False,Publico,...,Inpec,Old Mutual,Masculino,La Paz,Bolivia,Si
104697,Ariel,1373713496,41,602,False,False,Publico,...,Inpec,Old Mutual,Masculino,Seúl,Corea del Sur,No Si
104698,Dahiana,1074985795,25,434,False,False,Publico,...,Policia,Proteccion,Femenino,Buenos Aires,Argentina,No No
104699,Lucia,1330465083,56,768,False,False,Publico,...,Minsalud,...,Femenino,Dushanbe,Tayikistán,Si
104700,Kelly,1798161452,60,662,False,False,Publico,...,Minsalud,...,Femenino,Kabul,Afganistán,No
104701,Juliana,1624391851,51,775,False,False,Publico,...,Minterior,...,Femenino,Abu Dhabi,Emiratos Árabes Unidos,Si
104702,Juliana,1231407186,49,511,False,False,Publico,...,Minterior,...,Femenino,Nueva York,Estados Unidos,No
104703,Felipe,1509771128,42,431,False,False,Publico,...,Armada,Colfondos,Masculino,Almaty,Kazajistán,Si
104704,Nicolas,1279079070,29,416,False,False,...,Civil,Porvenir,...,Masculino,Roma,Italia,No Si
104705,Espinoza,1522347298,55,222,False,False,...,Civil,Proteccion,...,Masculino,Amán,Jordania,No No
104706,Paula,1698600276,67,388,False,False,...,Civil,Proteccion,...,Femenino,Londres,Reino Unido,Si
104707,Pancho,1502528394,57,134,False,False,...,Civil,Colfondos,...,Masculino,Melbourne,Australia,No
104708,Juana,1507970287,47,282,False,False,...,Civil,Colfondos,...,Femenino,Riad,Arabia Saudita,Si
104709,Orlando,1438839667,63,283,False,False,...,Civil,Old Mutual,...,Masculino,Múnich,Alemania,No
104710,Santiago,1505163298,44,887,True,False,...,Civil,Porvenir,...,Masculino,Barcelona,España,Si
104711,Juan Villa,1443193744,38,128,False,False,...,Civil,Porvenir,...,Masculino,Karachi,Pakistán,No
104712,Felipe,1967171208,59,505,False,False,Publico,...,Armada,Porvenir,Masculino,Doha,Catar,Si
104713,David,1408534065,37,334,False,False,Publico,...,Inpec,Old Mutual,Masculino,Armenia,Colombia,No Si
104714,Anuel,1550870807,61,186,False,False,Publico,...,Inpec,Old Mutual,Masculino,Cali,Colombia,No No
104715,Ariel,1828878755,66,334,False,False,Publico,...,Inpec,Old Mutual,Masculino,Madrid,España,Si
104716,Ariel,1024598933,68,237,False,False,Publico,...,Inpec,Old Mutual,Masculino,Astana,Kazajistán,No Si
104717,Dahiana,1031530121,44,335,False,False,Publico,...,Policia,Proteccion,Femenino,Almaty,Kazajistán,No No
104718,Lucia,1516623197,69,431,False,False,Publico,...,Minsalud,...,Femenino,Amán,Jordania,Si
104719,Kelly,1554006654,42,442,False,False,Publico,...,Minsalud,...,Femenino,Astana,Kazajistán,No
104720,Juliana,1637810162,45,178,False,False,Publico,...,Minterior,...,Femenino,Karachi,Pakistán,Si
104721,Juliana,1299294011,66,873,False,False,Publico,...,Minterior,...,Femenino,Doha,Catar,No
104722,Felipe,1032133676,52,131,False,False,Publico,...,Armada,Colfondos,Masculino,Cali,Colombia,Si
104723,Nicolas,1917570785,25,199,False,False,...,Civil,Porvenir,...,Masculino,Kabul,Afganistán,No Si
104724,Espinoza,1330413499,53,660,False,False,...,Civil,Proteccion,...,Masculino,Múnich,Alemania,No No
104725,Paula,1723763010,63,769,False,False,...,Civil,Proteccion,...,Femenino,Bombay,India,Si
104726,Pancho,1097787293,65,704,False,False,...,Civil,Colfondos,...,Masculino,Amán,Jordania,No
104727,Juana,1433468831,25,771,False,False,...,Civil,Colfondos,...,Femenino,Buenos Aires,Argentina,Si
104728,Orlando,1005659740,58,717,False,False,...,Civil,Old Mutual,...,Masculino,Almaty,Kazajistán,No
104729,Santiago,1876400884,27,444,True,False,...,Civil,Porvenir,...,Masculino,Doha,Catar,Si
104730,Juan Villa,1275827322,35,857,False,False,...,Civil,Porvenir,...,Masculino,Islamabad,Pakistán,No
104731,Felipe,1144515622,40,505,False,False,Publico,...,Armada,Porvenir,Masculino,Berlín,Alemania,Si
104732,David,1032318637,30,708,False,False,Publico,...,Inpec,Old Mutual,Masculino,Lima,Perú,No Si
104733,Anuel,1679910900,55,310,False,False,Publico,...,Inpec,Old Mutual,Masculino,Islamabad,Pakistán,No No
104734,Ariel,1351708038,40,587,False,False,Publico,...,Inpec,Old Mutual,Masculino,Astana,Kazajistán,Si
104735,Ariel,1468309139,27,134,False,False,Publico,...,Inpec,Old Mutual,Masculino,Doha,Catar,No Si
104736,Dahiana,1384358267,52,554,False,False,Publico,...,Policia,Proteccion,Femenino,Tokio,Japón,No No
104737,Lucia,1458181597,49,244,False,False,Publico,...,Minsalud,...,Femenino,Melbourne,Australia,Si
104738,Kelly,1261260839,29,807,False,False,Publico,...,Minsalud,...,Femenino,Astana,Kazajistán,No
104739,Juliana,1960975810,46,375,False,False,Publico,...,Minterior,...,Femenino,Milán,Italia,Si
104740,Juliana,1932321650,35,520,False,False,Publico,...,Minterior,...,Femenino,Doha,Catar,No
104741,Felipe,1735841211,43,135,False,False,Publico,...,Armada,Colfondos,Masculino,Buenos Aires,Argentina,Si
104742,Nicolas,1434868997,66,650,False,False,...,Civil,Porvenir,...,Masculino,Delhi,India,No Si
104743,Espinoza,1554355394,68,310,False,False,...,Civil,Proteccion,...,Masculino,Doha,Catar,No No
104744,Paula,1927920458,25,533,False,False,...,Civil,Proteccion,...,Femenino,Doha,Catar,Si
104745,Pancho,1334717144,56,374,False,False,...,Civil,Colfondos,...,Masculino,Doha,Catar,No
104746,Juana,1889076272,56,880,False,False,...,Civil,Colfondos,...,Femenino,Seúl,Corea del Sur,Si
104747,Orlando,1072843434,42,303,False,False,...,Civil,Old Mutual,...,Masculino,Berlín,Alemania,No
104748,Santiago,1989401906,32,142,True,False,...,Civil,Porvenir,...,Masculino,Dubái,Emiratos Árabes Unidos,Si
104749,Juan Villa,1797367258,51,541,False,False,...,Civil,Porvenir,...,Masculino,Moscú,Rusia,No
104750,Felipe,1555949560,55,452,False,False,Publico,...,Armada,Porvenir,Masculino,Quito,Ecuador,Si
104751,David,1269224672,66,371,False,False,Publico,...,Inpec,Old Mutual,Masculino,Buenos Aires,Argentina,No Si
104752,Anuel,1482217617,53,454,False,False,Publico,...,Inpec,Old Mutual,Masculino,Melbourne,Australia,No No
104753,Ariel,1959204698,58,356,False,False,Publico,...,Inpec,Old Mutual,Masculino,Quito,Ecuador,Si
104754,Ariel,1816891312,25,882,False,False,Publico,...,Inpec,Old Mutual,Masculino,Hanoi,Vietnam,No Si
104755,Dahiana,1027349423,61,238,False,False,Publico,...,Policia,Proteccion,Femenino,Barcelona,España,No No
104756,Lucia,1865919959,65,172,False,False,Publico,...,Minsalud,...,Femenino,Kabul,Afganistán,Si
104757,Kelly,1365109422,54,432,False,False,Publico,...,Minsalud,...,Femenino,Melbourne,Australia,No
104758,Juliana,1625563703,41,832,False,False,Publico,...,Minterior,...,Femenino,Estambul,Turquía,Si
104759,Juliana,1969074569,27,862,False,False,Publico,...,Minterior,...,Femenino,Dushanbe,Tayikistán,No
104760,Felipe,1154830866,27,325,False,False,Publico,...,Armada,Colfondos,Masculino,Riad,Arabia Saudita,Si
104761,Nicolas,1995687215,32,841,False,False,...,Civil,Porvenir,...,Masculino,Medellín,Colombia,No Si
104762,Espinoza,1731537555,29,767,False,False,...,Civil,Proteccion,...,Masculino,Hanoi,Vietnam,No No
104763,Paula,1134169296,65,243,False,False,...,Civil,Proteccion,...,Femenino,Abu Dhabi,Emiratos Árabes Unidos,Si
104764,Pancho,1656094465,51,863,False,False,...,Civil,Colfondos,...,Masculino,Hanoi,Vietnam,No
104765,Juana,1789639509,60,515,False,False,...,Civil,Colfondos,...,Femenino,Dubái,Emiratos Árabes Unidos,Si
104766,Orlando,1287019785,60,461,False,False,...,Civil,Old Mutual,...,Masculino,Londres,Reino Unido,No
104767,Santiago,1205539185,52,580,True,False,...,Civil,Porvenir,...,Masculino,Londres,Reino Unido,Si
104768,Juan Villa,1209213456,29,470,False,False,...,Civil,Porvenir,...,Masculino,Kabul,Afganistán,No
104769,Felipe,1857431503,70,117,False,False,Publico,...,Armada,Porvenir,Masculino,Milán,Italia,Si
104770,David,1504071321,62,733,False,False,Publico,...,Inpec,Old Mutual,Masculino,Estambul,Turquía,No Si
104771,Anuel,1332680096,30,383,False,False,Publico,...,Inpec,Old Mutual,Masculino,Doha,Catar,No No
104772,Ariel,1821664670,70,528,False,False,Publico,...,Inpec,Old Mutual,Masculino,Los Ángeles,Estados Unidos,Si
104773,Ariel,1442078411,67,416,False,False,Publico,...,Inpec,Old Mutual,Masculino,Teherán,Irán,No Si
104774,Dahiana,1234542783,64,694,False,False,Publico,...,Policia,Proteccion,Femenino,Moscú,Rusia,No No
104775,Lucia,1246745801,26,475,False,False,Publico,...,Minsalud,...,Femenino,Madrid,España,Si
104776,Kelly,1046184422,55,856,False,False,Publico,...,Minsalud,...,Femenino,Ciudad de México,México,No
104777,Juliana,1688145306,53,499,False,False,Publico,...,Minterior,...,Femenino,Bogotá,Colombia,Si
104778,Juliana,1747232951,51,164,False,False,Publico,...,Minterior,...,Femenino,Dushanbe,Tayikistán,No
104779,Felipe,1501060416,36,683,False,False,Publico,...,Armada,Colfondos,Masculino,Los Ángeles,Estados Unidos,Si
104780,Nicolas,1268802287,57,301,False,False,...,Civil,Porvenir,...,Masculino,Astana,Kazajistán,No Si
104781,Espinoza,1616021722,65,441,False,False,...,Civil,Proteccion,...,Masculino,Kabul,Afganistán,No No
104782,Paula,1076890530,57,558,False,False,...,Civil,Proteccion,...,Femenino,Nueva York,Estados Unidos,Si
104783,Pancho,1562022083,44,514,False,False,...,Civil,Colfondos,...,Masculino,Dushanbe,Tayikistán,No
104784,Juana,1070658772,68,834,False,False,...,Civil,Colfondos,...,Femenino,Doha,Catar,Si
104785,Orlando,1067367241,70,680,False,False,...,Civil,Old Mutual,...,Masculino,Delhi,India,No
104786,Santiago,1559816791,58,529,True,False,...,Civil,Porvenir,...,Masculino,Nueva York,Estados Unidos,Si
104787,Juan Villa,1477734183,38,232,False,False,...,Civil,Porvenir,...,Masculino,Mashhad,Irán,No
104788,Felipe,1227318268,47,856,False,False,Publico,...,Armada,Porvenir,Masculino,Los Ángeles,Estados Unidos,Si
104789,David,1820478086,57,273,False,False,Publico,...,Inpec,Old Mutual,Masculino,Lima,Perú,No Si
104790,Anuel,1323842880,60,501,False,False,Publico,...,Inpec,Old Mutual,Masculino,Amán,Jordania,No No
104791,Ariel,1297567530,45,530,False,False,Publico,...,Inpec,Old Mutual,Masculino,Astana,Kazajistán,Si
104792,Ariel,1241807337,35,711,False,False,Publico,...,Inpec,Old Mutual,Masculino,Madrid,España,No Si
104793,Dahiana,1733436052,32,297,False,False,Publico,...,Policia,Proteccion,Femenino,Berlín,Alemania,No No
104794,Lucia,1623399662,36,405,False,False,Publico,...,Minsalud,...,Femenino,Mashhad,Irán,Si
104795,Kelly,1383020587,55,890,False,False,Publico,...,Minsalud,...,Femenino,Los Ángeles,Estados Unidos,No
104796,Juliana,1420953308,66,316,False,False,Publico,...,Minterior,...,Femenino,Hanoi,Vietnam,Si
104797,Juliana,1246387854,50,434,False,False,Publico,...,Minterior,...,Femenino,Taskent,Uzbekistán,No
104798,Felipe,1139798851,41,801,False,False,Publico,...,Armada,Colfondos,Masculino,Cartagena,Colombia,Si
104799,Nicolas,1020403801,66,538,False,False,...,Civil,Porvenir,...,Masculino,Islamabad,Pakistán,No Si
104800,Espinoza,1099671305,63,467,False,False,...,Civil,Proteccion,...,Masculino,Ciudad de México,México,No No
104801,Paula,1368002760,48,475,False,False,...,Civil,Proteccion,...,Femenino,Bangkok,Tailandia,Si
104802,Pancho,1668280606,45,513,False,False,...,Civil,Colfondos,...,Masculino,Kuwait,Kuwait,No
104803,Juana,1373799134,37,201,False,False,...,Civil,Colfondos,...,Femenino,Bogotá,Colombia,Si
104804,Orlando,1927052717,35,237,False,False,...,Civil,Old Mutual,...,Masculino,Tokio,Japón,No
104805,Santiago,1080117956,27,337,True,False,...,Civil,Porvenir,...,Masculino,Santiago,Chile,Si
104806,Juan Villa,1289907236,39,784,False,False,...,Civil,Porvenir,...,Masculino,Teherán,Irán,No
104807,Felipe,1829495252,34,317,False,False,Publico,...,Armada,Porvenir,Masculino,Nueva York,Estados Unidos,Si
104808,David,1265008131,44,519,False,False,Publico,...,Inpec,Old Mutual,Masculino,Madrid,España,No Si
104809,Anuel,1617926526,40,259,False,False,Publico,...,Inpec,Old Mutual,Masculino,Madrid,España,No No
104810,Ariel,1302985803,41,900,False,False,Publico,...,Inpec,Old Mutual,Masculino,Almaty,Kazajistán,Si
104811,Ariel,1818572112,48,745,False,False,Publico,...,Inpec,Old Mutual,Masculino,París,Francia,No Si
104812,Dahiana,1718185294,57,723,False,False,Publico,...,Policia,Proteccion,Femenino,Taskent,Uzbekistán,No No
104813,Lucia,1639755876,32,732,False,False,Publico,...,Minsalud,...,Femenino,La Paz,Bolivia,Si
104814,Kelly,1675681623,46,736,False,False,Publico,...,Minsalud,...,Femenino,Cali,Colombia,No
104815,Juliana,1554415781,55,765,False,False,Publico,...,Minterior,...,Femenino,Seúl,Corea del Sur,Si
104816,Juliana,1210687457,48,666,False,False,Publico,...,Minterior,...,Femenino,Kabul,Afganistán,No
104817,Felipe,1109409665,59,125,False,False,Publico,...,Armada,Colfondos,Masculino,Medellín,Colombia,Si
104818,Nicolas,1918085925,70,783,False,False,...,Civil,Porvenir,...,Masculino,Quito,Ecuador,No Si
104819,Espinoza,1304524210,27,500,False,False,...,Civil,Proteccion,...,Masculino,Buenos Aires,Argentina,No No
104820,Paula,1294016716,53,208,False,False,...,Civil,Proteccion,...,Femenino,San Petersburgo,Rusia,Si
104821,Pancho,1680189355,64,873,False,False,...,Civil,Colfondos,...,Masculino,La Paz,Bolivia,No
104822,Juana,1331609566,67,542,False,False,...,Civil,Colfondos,...,Femenino,Ashgabat,Turkmenistán,Si
104823,Orlando,1171391136,34,515,False,False,...,Civil,Old Mutual,...,Masculino,Astana,Kazajistán,No
104824,Santiago,1478880881,65,822,True,False,...,Civil,Porvenir,...,Masculino,Kuwait,Kuwait,Si
104825,Juan Villa,1320312377,42,118,False,False,...,Civil,Porvenir,...,Masculino,Bangkok,Tailandia,No
104826,Felipe,1938797696,68,544,False,False,Publico,...,Armada,Porvenir,Masculino,Berlín,Alemania,Si
104827,David,1922809977,55,716,False,False,Publico,...,Inpec,Old Mutual,Masculino,La Paz,Bolivia,No Si
104828,Anuel,1156501021,65,612,False,False,Publico,...,Inpec,Old Mutual,Masculino,Milán,Italia,No No
104829,Ariel,1293903016,40,807,False,False,Publico,...,Inpec,Old Mutual,Masculino,Delhi,India,Si
104830,Ariel,1619431328,33,394,False,False,Publico,...,Inpec,Old Mutual,Masculino,Kabul,Afganistán,No Si
104831,Dahiana,1865876005,64,170,False,False,Publico,...,Policia,Proteccion,Femenino,Santiago,Chile,No No
104832,Lucia,1007455023,65,474,False,False,Publico,...,Minsalud,...,Femenino,Kabul,Afganistán,Si
104833,Kelly,1951217422,56,311,False,False,Publico,...,Minsalud,...,Femenino,Dushanbe,Tayikistán,No
104834,Juliana,1215515952,64,199,False,False,Publico,...,Minterior,...,Femenino,Islamabad,Pakistán,Si
104835,Juliana,1190685879,66,403,False,False,Publico,...,Minterior,...,Femenino,Múnich,Alemania,No
104836,Felipe,1187690038,26,557,False,False,Publico,...,Armada,Colfondos,Masculino,Medellín,Colombia,Si
104837,Nicolas,1736432502,43,519,False,False,...,Civil,Porvenir,...,Masculino,Londres,Reino Unido,No Si
104838,Espinoza,1335699205,50,220,False,False,...,Civil,Proteccion,...,Masculino,Londres,Reino Unido,No No
104839,Paula,1695820738,51,805,False,False,...,Civil,Proteccion,...,Femenino,Seúl,Corea del Sur,Si
104840,Pancho,1653260468,30,355,False,False,...,Civil,Colfondos,...,Masculino,Islamabad,Pakistán,No
104841,Juana,1910981861,56,724,False,False,...,Civil,Colfondos,...,Femenino,Karachi,Pakistán,Si
104842,Orlando,1491435778,30,883,False,False,...,Civil,Old Mutual,...,Masculino,Quito,Ecuador,No
104843,Santiago,1420219339,57,292,True,False,...,Civil,Porvenir,...,Masculino,Hanoi,Vietnam,Si
104844,Juan Villa,1928281430,44,277,False,False,...,Civil,Porvenir,...,Masculino,Berlín,Alemania,No
104845,Felipe,1525228890,25,487,False,False,Publico,...,Armada,Porvenir,Masculino,Almaty,Kazajistán,Si
104846,David,1268989885,68,275,False,False,Publico,...,Inpec,Old Mutual,Masculino,Santiago,Chile,No Si
104847,Anuel,1636741985,36,794,False,False,Publico,...,Inpec,Old Mutual,Masculino,Estambul,Turquía,No No
104848,Ariel,1480406228,34,779,False,False,Publico,...,Inpec,Old Mutual,Masculino,Riad,Arabia Saudita,Si
104849,Ariel,1052809387,25,495,False,False,Publico,...,Inpec,Old Mutual,Masculino,Dubái,Emiratos Árabes Unidos,No Si
104850,Dahiana,1912277276,38,630,False,False,Publico,...,Policia,Proteccion,Femenino,Almaty,Kazajistán,No No
104851,Lucia,1088652329,29,318,False,False,Publico,...,Minsalud,...,Femenino,Los Ángeles,Estados Unidos,Si
104852,Kelly,1976390576,25,735,False,False,Publico,...,Minsalud,...,Femenino,Dushanbe,Tayikistán,No
104853,Juliana,1404154154,28,211,False,False,Publico,...,Minterior,...,Femenino,Moscú,Rusia,Si
104854,Juliana,1070547020,35,699,False,False,Publico,...,Minterior,...,Femenino,Santiago,Chile,No
104855,Felipe,1853089139,39,757,False,False,Publico,...,Armada,Colfondos,Masculino,San Francisco,Estados Unidos,Si
104856,Nicolas,1510637444,65,385,False,False,...,Civil,Porvenir,...,Masculino,Dubái,Emiratos Árabes Unidos,No Si
104857,Espinoza,1610864975,48,789,False,False,...,Civil,Proteccion,...,Masculino,Kuwait,Kuwait,No No
104858,Paula,1363716450,66,555,False,False,...,Civil,Proteccion,...,Femenino,Ciudad de México,México,Si
104859,Pancho,1826662378,30,650,False,False,...,Civil,Colfondos,...,Masculino,Londres,Reino Unido,No
104860,Juana,1534345721,29,804,False,False,...,Civil,Colfondos,...,Femenino,Buenos Aires,Argentina,Si
104861,Orlando,1721904185,36,456,False,False,...,Civil,Old Mutual,...,Masculino,Mashhad,Irán,No
104862,Santiago,1680062868,29,749,True,False,...,Civil,Porvenir,...,Masculino,Osaka,Japón,Si
104863,Juan Villa,1841543123,58,331,False,False,...,Civil,Porvenir,...,Masculino,San Petersburgo,Rusia,No
104864,Felipe,1297556468,67,408,False,False,Publico,...,Armada,Porvenir,Masculino,Melbourne,Australia,Si
104865,David,1250997244,53,291,False,False,Publico,...,Inpec,Old Mutual,Masculino,Doha,Catar,No Si
104866,Anuel,1192444703,59,399,False,False,Publico,...,Inpec,Old Mutual,Masculino,Múnich,Alemania,No No
104867,Ariel,1166404466,42,645,False,False,Publico,...,Inpec,Old Mutual,Masculino,Lima,Perú,Si
104868,Ariel,1768774036,57,688,False,False,Publico,...,Inpec,Old Mutual,Masculino,Hanoi,Vietnam,No Si
104869,Dahiana,1098009142,45,552,False,False,Publico,...,Policia,Proteccion,Femenino,Nueva York,Estados Unidos,No No
104870,Lucia,1712617361,48,741,False,False,Publico,...,Minsalud,...,Femenino,San Petersburgo,Rusia,Si
104871,Kelly,1362026765,30,539,False,False,Publico,...,Minsalud,...,Femenino,Londres,Reino Unido,No
104872,Juliana,1792660972,33,763,False,False,Publico,...,Minterior,...,Femenino,Taskent,Uzbekistán,Si
104873,Juliana,1985572574,50,484,False,False,Publico,...,Minterior,...,Femenino,Ciudad de México,México,No
104874,Felipe,1439259772,36,274,False,False,Publico,...,Armada,Colfondos,Masculino,Islamabad,Pakistán,Si
104875,Nicolas,1314972323,55,273,False,False,...,Civil,Porvenir,...,Masculino,Santiago,Chile,No Si
104876,Espinoza,1727073689,42,865,False,False,...,Civil,Proteccion,...,Masculino,Lima,Perú,No No
104877,Paula,1108558823,54,174,False,False,...,Civil,Proteccion,...,Femenino,Barcelona,España,Si
104878,Pancho,1354906837,62,530,False,False,...,Civil,Colfondos,...,Masculino,Quito,Ecuador,No
104879,Juana,1126707907,68,392,False,False,...,Civil,Colfondos,...,Femenino,Barcelona,España,Si
104880,Orlando,1213341354,69,235,False,False,...,Civil,Old Mutual,...,Masculino,Madrid,España,No
104881,Santiago,1086134567,46,177,True,False,...,Civil,Porvenir,...,Masculino,Medellín,Colombia,Si
104882,Juan Villa,1071453052,35,240,False,False,...,Civil,Porvenir,...,Masculino,Astana,Kazajistán,No
104883,Felipe,1259834707,54,284,False,False,Publico,...,Armada,Porvenir,Masculino,Kuwait,Kuwait,Si
104884,David,1006722857,41,732,False,False,Publico,...,Inpec,Old Mutual,Masculino,Beirut,Líbano,No Si
104885,Anuel,1502815716,45,122,False,False,Publico,...,Inpec,Old Mutual,Masculino,Berlín,Alemania,No No
104886,Ariel,1947998058,48,685,False,False,Publico,...,Inpec,Old Mutual,Masculino,Cali,Colombia,Si
104887,Ariel,1947702818,42,587,False,False,Publico,...,Inpec,Old Mutual,Masculino,Islamabad,Pakistán,No Si
104888,Dahiana,1758464797,59,664,False,False,Publico,...,Policia,Proteccion,Femenino,Islamabad,Pakistán,No No
104889,Lucia,1765506308,54,900,False,False,Publico,...,Minsalud,...,Femenino,Osaka,Japón,Si
104890,Kelly,1268100764,38,881,False,False,Publico,...,Minsalud,...,Femenino,Almaty,Kazajistán,No
104891,Juliana,1893809727,54,249,False,False,Publico,...,Minterior,...,Femenino,Múnich,Alemania,Si
104892,Juliana,1129845761,68,489,False,False,Publico,...,Minterior,...,Femenino,Moscú,Rusia,No
104893,Felipe,1722498364,65,836,False,False,Publico,...,Armada,Colfondos,Masculino,Milán,Italia,Si
104894,Nicolas,1208456577,38,406,False,False,...,Civil,Porvenir,...,Masculino,Sídney,Australia,No Si
104895,Espinoza,1170803253,49,204,False,False,...,Civil,Proteccion,...,Masculino,Londres,Reino Unido,No No
104896,Paula,1362156777,26,621,False,False,...,Civil,Proteccion,...,Femenino,Santiago,Chile,Si
104897,Pancho,1454367298,66,283,False,False,...,Civil,Colfondos,...,Masculino,Múnich,Alemania,No
104898,Juana,1318346587,53,360,False,False,...,Civil,Colfondos,...,Femenino,Milán,Italia,Si
104899,Orlando,1545438227,46,846,False,False,...,Civil,Old Mutual,...,Masculino,Seúl,Corea del Sur,No
104900,Santiago,1707708450,57,603,True,False,...,Civil,Porvenir,...,Masculino,Doha,Catar,Si
104901,Juan Villa,1262005486,34,456,False,False,...,Civil,Porvenir,...,Masculino,Múnich,Alemania,No
104902,Felipe,1411425909,26,220,False,False,Publico,...,Armada,Porvenir,Masculino,San Francisco,Estados Unidos,Si
104903,David,1656925284,39,295,False,False,Publico,...,Inpec,Old Mutual,Masculino,Roma,Italia,No Si
104904,Anuel,1776766723,42,728,False,False,Publico,...,Inpec,Old Mutual,Masculino,Cali,Colombia,No No
104905,Ariel,1772749055,56,331,False,False,Publico,...,Inpec,Old Mutual,Masculino,Abu Dhabi,Emiratos Árabes Unidos,Si
104906,Ariel,1554590489,42,716,False,False,Publico,...,Inpec,Old Mutual,Masculino,Abu Dhabi,Emiratos Árabes Unidos,No Si
104907,Dahiana,1543808674,28,729,False,False,Publico,...,Policia,Proteccion,Femenino,Melbourne,Australia,No No
104908,Lucia,1608001056,50,694,False,False,Publico,...,Minsalud,...,Femenino,Monterrey,México,Si
104909,Kelly,1494390076,53,263,False,False,Publico,...,Minsalud,...,Femenino,Teherán,Irán,No
104910,Juliana,1807905463,65,533,False,False,Publico,...,Minterior,...,Femenino,Islamabad,Pakistán,Si
104911,Juliana,1942701501,41,645,False,False,Publico,...,Minterior,...,Femenino,Cartagena,Colombia,No
104912,Felipe,1451397737,36,459,False,False,Publico,...,Armada,Colfondos,Masculino,Almaty,Kazajistán,Si
104913,Nicolas,1713584338,68,822,False,False,...,Civil,Porvenir,...,Masculino,Beirut,Líbano,No Si
104914,Espinoza,1970773496,45,858,False,False,...,Civil,Proteccion,...,Masculino,Los Ángeles,Estados Unidos,No No
104915,Paula,1966217562,68,663,False,False,...,Civil,Proteccion,...,Femenino,Astana,Kazajistán,Si
104916,Pancho,1605411731,68,159,False,False,...,Civil,Colfondos,...,Masculino,Kuwait,Kuwait,No
104917,Juana,1300879841,28,117,False,False,...,Civil,Colfondos,...,Femenino,Astana,Kazajistán,Si
104918,Orlando,1332011525,30,848,False,False,...,Civil,Old Mutual,...,Masculino,Almaty,Kazajistán,No
104919,Santiago,1517615561,70,850,True,False,...,Civil,Porvenir,...,Masculino,Melbourne,Australia,Si
104920,Juan Villa,1235406571,28,604,False,False,...,Civil,Porvenir,...,Masculino,Londres,Reino Unido,No
104921,Felipe,1386021105,39,728,False,False,Publico,...,Armada,Porvenir,Masculino,Riad,Arabia Saudita,Si
104922,David,1064882933,55,143,False,False,Publico,...,Inpec,Old Mutual,Masculino,Roma,Italia,No Si
104923,Anuel,1959953467,36,202,False,False,Publico,...,Inpec,Old Mutual,Masculino,Bombay,India,No No
104924,Ariel,1636387095,35,116,False,False,Publico,...,Inpec,Old Mutual,Masculino,San Petersburgo,Rusia,Si
104925,Ariel,1978316493,43,663,False,False,Publico,...,Inpec,Old Mutual,Masculino,Osaka,Japón,No Si
104926,Dahiana,1036143822,40,587,False,False,Publico,...,Policia,Proteccion,Femenino,Osaka,Japón,No No
104927,Lucia,1199714560,45,241,False,False,Publico,...,Minsalud,...,Femenino,Múnich,Alemania,Si
104928,Kelly,1860617945,25,200,False,False,Publico,...,Minsalud,...,Femenino,Madrid,España,No
104929,Juliana,1741433803,70,647,False,False,Publico,...,Minterior,...,Femenino,Seúl,Corea del Sur,Si
104930,Juliana,1641734367,56,729,False,False,Publico,...,Minterior,...,Femenino,Hanoi,Vietnam,No
104931,Felipe,1022845269,38,152,False,False,Publico,...,Armada,Colfondos,Masculino,Tokio,Japón,Si
104932,Nicolas,1694270941,55,449,False,False,...,Civil,Porvenir,...,Masculino,Medellín,Colombia,No Si
104933,Espinoza,1351581180,62,853,False,False,...,Civil,Proteccion,...,Masculino,Londres,Reino Unido,No No
104934,Paula,1012962417,69,589,False,False,...,Civil,Proteccion,...,Femenino,Dubái,Emiratos Árabes Unidos,Si
104935,Pancho,1645260623,51,356,False,False,...,Civil,Colfondos,...,Masculino,Roma,Italia,No
104936,Juana,1332280396,41,645,False,False,...,Civil,Colfondos,...,Femenino,Moscú,Rusia,Si
104937,Orlando,1088317113,60,472,False,False,...,Civil,Old Mutual,...,Masculino,Beirut,Líbano,No
104938,Santiago,1812174707,39,569,True,False,...,Civil,Porvenir,...,Masculino,Roma,Italia,Si
104939,Juan Villa,1817104230,26,394,False,False,...,Civil,Porvenir,...,Masculino,Doha,Catar,No
104940,Felipe,1152799027,69,532,False,False,Publico,...,Armada,Porvenir,Masculino,Madrid,España,Si
104941,David,1912628792,43,545,False,False,Publico,...,Inpec,Old Mutual,Masculino,Bombay,India,No Si
104942,Anuel,1605096795,40,372,False,False,Publico,...,Inpec,Old Mutual,Masculino,San Petersburgo,Rusia,No No
104943,Ariel,1465373289,33,883,False,False,Publico,...,Inpec,Old Mutual,Masculino,Ashgabat,Turkmenistán,Si
104944,Ariel,1324373116,66,558,False,False,Publico,...,Inpec,Old Mutual,Masculino,París,Francia,No Si
104945,Dahiana,1080633693,52,489,False,False,Publico,...,Policia,Proteccion,Femenino,Abu Dhabi,Emiratos Árabes Unidos,No No
104946,Lucia,1898982966,68,288,False,False,Publico,...,Minsalud,...,Femenino,Mashhad,Irán,Si
104947,Kelly,1902049423,59,855,False,False,Publico,...,Minsalud,...,Femenino,Moscú,Rusia,No
104948,Juliana,1532467404,56,525,False,False,Publico,...,Minterior,...,Femenino,Seúl,Corea del Sur,Si
104949,Juliana,1100063947,47,355,False,False,Publico,...,Minterior,...,Femenino,Cali,Colombia,No
104950,Felipe,1540543570,30,453,False,False,Publico,...,Armada,Colfondos,Masculino,Buenos Aires,Argentina,Si
104951,Nicolas,1942371245,54,681,False,False,...,Civil,Porvenir,...,Masculino,Estambul,Turquía,No Si
104952,Espinoza,1675683304,59,859,False,False,...,Civil,Proteccion,...,Masculino,Buenos Aires,Argentina,No No
104953,Paula,1417189367,39,410,False,False,...,Civil,Proteccion,...,Femenino,Taskent,Uzbekistán,Si
104954,Pancho,1401100253,30,194,False,False,...,Civil,Colfondos,...,Masculino,Islamabad,Pakistán,No
104955,Juana,1762519062,54,769,False,False,...,Civil,Colfondos,...,Femenino,San Petersburgo,Rusia,Si
104956,Orlando,1085639373,45,593,False,False,...,Civil,Old Mutual,...,Masculino,Quito,Ecuador,No
104957,Santiago,1302204207,52,301,True,False,...,Civil,Porvenir,...,Masculino,Madrid,España,Si
104958,Juan Villa,1949244407,41,188,False,False,...,Civil,Porvenir,...,Masculino,Astana,Kazajistán,No
104959,Felipe,1161551725,57,354,False,False,Publico,...,Armada,Porvenir,Masculino,Kabul,Afganistán,Si
104960,David,1676423952,70,133,False,False,Publico,...,Inpec,Old Mutual,Masculino,Riad,Arabia Saudita,No Si
104961,Anuel,1851499057,55,283,False,False,Publico,...,Inpec,Old Mutual,Masculino,Beirut,Líbano,No No
104962,Ariel,1249255642,26,674,False,False,Publico,...,Inpec,Old Mutual,Masculino,Amán,Jordania,Si
104963,Ariel,1702099563,26,281,False,False,Publico,...,Inpec,Old Mutual,Masculino,Abu Dhabi,Emiratos Árabes Unidos,No Si
104964,Dahiana,1970593647,43,800,False,False,Publico,...,Policia,Proteccion,Femenino,Hanoi,Vietnam,No No
104965,Lucia,1130545212,51,197,False,False,Publico,...,Minsalud,...,Femenino,Bogotá,Colombia,Si
104966,Kelly,1400920027,37,528,False,False,Publico,...,Minsalud,...,Femenino,Moscú,Rusia,No
104967,Juliana,1690052687,30,691,False,False,Publico,...,Minterior,...,Femenino,Medellín,Colombia,Si
104968,Juliana,1386612321,68,865,False,False,Publico,...,Minterior,...,Femenino,Kabul,Afganistán,No
104969,Felipe,1782562130,47,199,False,False,Publico,...,Armada,Colfondos,Masculino,Londres,Reino Unido,Si
104970,Nicolas,1361983425,64,502,False,False,...,Civil,Porvenir,...,Masculino,Osaka,Japón,No Si
104971,Espinoza,1840775013,34,811,False,False,...,Civil,Proteccion,...,Masculino,Los Ángeles,Estados Unidos,No No
104972,Paula,1263242708,65,467,False,False,...,Civil,Proteccion,...,Femenino,Buenos Aires,Argentina,Si
104973,Pancho,1507527646,28,660,False,False,...,Civil,Colfondos,...,Masculino,Kabul,Afganistán,No
104974,Juana,1526812297,63,154,False,False,...,Civil,Colfondos,...,Femenino,Santiago,Chile,Si
104975,Orlando,1612424070,61,781,False,False,...,Civil,Old Mutual,...,Masculino,Tokio,Japón,No
104976,Santiago,1320776760,37,262,True,False,...,Civil,Porvenir,...,Masculino,Milán,Italia,Si
104977,Juan Villa,1796878027,57,705,False,False,...,Civil,Porvenir,...,Masculino,Melbourne,Australia,No
104978,Felipe,1579478478,39,616,False,False,Publico,...,Armada,Porvenir,Masculino,Tokio,Japón,Si
104979,David,1338188675,30,631,False,False,Publico,...,Inpec,Old Mutual,Masculino,San Francisco,Estados Unidos,No Si
104980,Anuel,1878338538,42,485,False,False,Publico,...,Inpec,Old Mutual,Masculino,Monterrey,México,No No
104981,Ariel,1661391929,42,700,False,False,Publico,...,Inpec,Old Mutual,Masculino,Riad,Arabia Saudita,Si
104982,Ariel,1534161991,38,570,False,False,Publico,...,Inpec,Old Mutual,Masculino,Londres,Reino Unido,No Si
104983,Dahiana,1819229586,41,119,False,False,Publico,...,Policia,Proteccion,Femenino,Cali,Colombia,No No
104984,Lucia,1758091194,61,169,False,False,Publico,...,Minsalud,...,Femenino,Londres,Reino Unido,Si
104985,Kelly,1750150550,47,501,False,False,Publico,...,Minsalud,...,Femenino,Karachi,Pakistán,No
104986,Juliana,1297455352,38,809,False,False,Publico,...,Minterior,...,Femenino,Astana,Kazajistán,Si
104987,Juliana,1509325588,45,415,False,False,Publico,...,Minterior,...,Femenino,San Francisco,Estados Unidos,No
104988,Felipe,1809505479,33,560,False,False,Publico,...,Armada,Colfondos,Masculino,Dushanbe,Tayikistán,Si
104989,Nicolas,1331715282,43,576,False,False,...,Civil,Porvenir,...,Masculino,Santiago,Chile,No Si
104990,Espinoza,1625280812,32,356,False,False,...,Civil,Proteccion,...,Masculino,Bangkok,Tailandia,No No
104991,Paula,1121009241,63,671,False,False,...,Civil,Proteccion,...,Femenino,Hanoi,Vietnam,Si
104992,Pancho,1078728537,32,614,False,False,...,Civil,Colfondos,...,Masculino,Cali,Colombia,No
104993,Juana,1470901339,63,615,False,False,...,Civil,Colfondos,...,Femenino,Santiago,Chile,Si
104994,Orlando,1318467220,29,637,False,False,...,Civil,Old Mutual,...,Masculino,Moscú,Rusia,No
104995,Santiago,1388096427,31,737,True,False,...,Civil,Porvenir,...,Masculino,Sídney,Australia,Si
104996,Juan Villa,1161696057,30,778,False,False,...,Civil,Porvenir,...,Masculino,Ciudad de México,México,No
104997,Felipe,1885570496,28,875,False,False,Publico,...,Armada,Porvenir,Masculino,Moscú,Rusia,Si
104998,David,1648654230,61,425,False,False,Publico,...,Inpec,Old Mutual,Masculino,Berlín,Alemania,No Si
104999,Anuel,1648361938,46,384,False,False,Publico,...,Inpec,Old Mutual,Masculino,San Petersburgo,Rusia,No No
105000,Ariel,1781676433,68,598,False,False,Publico,...,Inpec,Old Mutual,Masculino,Ciudad de México,México,Si
105001,Ariel,1976199252,61,653,False,False,Publico,...,Inpec,Old Mutual,Masculino,Almaty,Kazajistán,No Si
105002,Dahiana,1142393343,55,167,False,False,Publico,...,Policia,Proteccion,Femenino,Barcelona,España,No No
105003,Lucia,1142891123,69,241,False,False,Publico,...,Minsalud,...,Femenino,Almaty,Kazajistán,Si
105004,Kelly,1314373062,45,834,False,False,Publico,...,Minsalud,...,Femenino,Ciudad de México,México,No
105005,Juliana,1022290198,57,621,False,False,Publico,...,Minterior,...,Femenino,Tokio,Japón,Si
105006,Juliana,1025494334,39,754,False,False,Publico,...,Minterior,...,Femenino,Kuwait,Kuwait,No
105007,Felipe,1161916767,45,798,False,False,Publico,...,Armada,Colfondos,Masculino,Buenos Aires,Argentina,Si
105008,Nicolas,1504183242,26,873,False,False,...,Civil,Porvenir,...,Masculino,Roma,Italia,No Si
105009,Espinoza,1113250735,47,434,False,False,...,Civil,Proteccion,...,Masculino,Milán,Italia,No No
105010,Paula,1726836093,60,686,False,False,...,Civil,Proteccion,...,Femenino,Santiago,Chile,Si
105011,Pancho,1057347127,63,880,False,False,...,Civil,Colfondos,...,Masculino,San Petersburgo,Rusia,No
105012,Juana,1513262273,41,714,False,False,...,Civil,Colfondos,...,Femenino,Buenos Aires,Argentina,Si
105013,Orlando,1813503862,38,528,False,False,...,Civil,Old Mutual,...,Masculino,San Petersburgo,Rusia,No
105014,Santiago,1729412929,48,730,True,False,...,Civil,Porvenir,...,Masculino,Múnich,Alemania,Si
105015,Juan Villa,1075354988,31,555,False,False,...,Civil,Porvenir,...,Masculino,San Francisco,Estados Unidos,No
105016,Felipe,1490903150,55,113,False,False,Publico,...,Armada,Porvenir,Masculino,Astana,Kazajistán,Si
105017,David,1655612650,35,628,False,False,Publico,...,Inpec,Old Mutual,Masculino,Santiago,Chile,No Si
105018,Anuel,1581660069,43,856,False,False,Publico,...,Inpec,Old Mutual,Masculino,Berlín,Alemania,No No
105019,Ariel,1880037205,50,687,False,False,Publico,...,Inpec,Old Mutual,Masculino,Buenos Aires,Argentina,Si
105020,Ariel,1490713741,54,457,False,False,Publico,...,Inpec,Old Mutual,Masculino,Astana,Kazajistán,No Si
105021,Dahiana,1071135743,29,866,False,False,Publico,...,Policia,Proteccion,Femenino,Nueva York,Estados Unidos,No No
105022,Lucia,1888108622,58,771,False,False,Publico,...,Minsalud,...,Femenino,Milán,Italia,Si
105023,Kelly,1803316981,43,140,False,False,Publico,...,Minsalud,...,Femenino,Mashhad,Irán,No
105024,Juliana,1349026565,67,750,False,False,Publico,...,Minterior,...,Femenino,Madrid,España,Si
105025,Juliana,1464797530,49,643,False,False,Publico,...,Minterior,...,Femenino,Bogotá,Colombia,No
105026,Felipe,1678886158,60,886,False,False,Publico,...,Armada,Colfondos,Masculino,Islamabad,Pakistán,Si
105027,Nicolas,1267285052,66,112,False,False,...,Civil,Porvenir,...,Masculino,Kabul,Afganistán,No Si
105028,Espinoza,1653149297,62,372,False,False,...,Civil,Proteccion,...,Masculino,Seúl,Corea del Sur,No No
105029,Paula,1081218835,27,196,False,False,...,Civil,Proteccion,...,Femenino,Dushanbe,Tayikistán,Si
105030,Pancho,1670590569,34,255,False,False,...,Civil,Colfondos,...,Masculino,Ashgabat,Turkmenistán,No
105031,Juana,1764362399,69,633,False,False,...,Civil,Colfondos,...,Femenino,Sídney,Australia,Si
105032,Orlando,1243794903,35,222,False,False,...,Civil,Old Mutual,...,Masculino,Monterrey,México,No
105033,Santiago,1482409599,50,727,True,False,...,Civil,Porvenir,...,Masculino,Almaty,Kazajistán,Si
105034,Juan Villa,1241955495,31,257,False,False,...,Civil,Porvenir,...,Masculino,Beirut,Líbano,No
105035,Felipe,1369492165,37,335,False,False,Publico,...,Armada,Porvenir,Masculino,Nueva York,Estados Unidos,Si
105036,David,1894430781,32,609,False,False,Publico,...,Inpec,Old Mutual,Masculino,Almaty,Kazajistán,No Si
105037,Anuel,1145810651,68,861,False,False,Publico,...,Inpec,Old Mutual,Masculino,Hanoi,Vietnam,No No
105038,Ariel,1729564857,42,844,False,False,Publico,...,Inpec,Old Mutual,Masculino,Seúl,Corea del Sur,Si
105039,Ariel,1043329363,26,557,False,False,Publico,...,Inpec,Old Mutual,Masculino,Tokio,Japón,No Si
105040,Dahiana,1527190705,38,211,False,False,Publico,...,Policia,Proteccion,Femenino,Islamabad,Pakistán,No No
105041,Lucia,1750455232,48,388,False,False,Publico,...,Minsalud,...,Femenino,Nueva York,Estados Unidos,Si
105042,Kelly,1867587390,60,343,False,False,Publico,...,Minsalud,...,Femenino,Berlín,Alemania,No
105043,Juliana,1008711728,51,500,False,False,Publico,...,Minterior,...,Femenino,San Petersburgo,Rusia,Si
105044,Juliana,1670639047,44,858,False,False,Publico,...,Minterior,...,Femenino,Teherán,Irán,No
105045,Felipe,1187400730,29,369,False,False,Publico,...,Armada,Colfondos,Masculino,Delhi,India,Si
105046,Nicolas,1782975880,40,851,False,False,...,Civil,Porvenir,...,Masculino,París,Francia,No Si
105047,Espinoza,1131279534,47,724,False,False,...,Civil,Proteccion,...,Masculino,Kuwait,Kuwait,No No
105048,Paula,1391783581,52,358,False,False,...,Civil,Proteccion,...,Femenino,Lima,Perú,Si
105049,Pancho,1273491966,45,140,False,False,...,Civil,Colfondos,...,Masculino,Beirut,Líbano,No
105050,Juana,1530521025,70,125,False,False,...,Civil,Colfondos,...,Femenino,Tokio,Japón,Si
105051,Orlando,1854557095,27,245,False,False,...,Civil,Old Mutual,...,Masculino,Dubái,Emiratos Árabes Unidos,No
105052,Santiago,1575072188,70,244,True,False,...,Civil,Porvenir,...,Masculino,París,Francia,Si
105053,Juan Villa,1264103388,55,270,False,False,...,Civil,Porvenir,...,Masculino,Sídney,Australia,No
105054,Felipe,1298927577,56,303,False,False,Publico,...,Armada,Porvenir,Masculino,Lima,Perú,Si
105055,David,1174847228,58,820,False,False,Publico,...,Inpec,Old Mutual,Masculino,Astana,Kazajistán,No Si
105056,Anuel,1533261552,58,781,False,False,Publico,...,Inpec,Old Mutual,Masculino,Cali,Colombia,No No
105057,Ariel,1277241342,33,624,False,False,Publico,...,Inpec,Old Mutual,Masculino,Delhi,India,Si
105058,Ariel,1936790964,44,777,False,False,Publico,...,Inpec,Old Mutual,Masculino,Hanoi,Vietnam,No Si
105059,Dahiana,1099549597,39,482,False,False,Publico,...,Policia,Proteccion,Femenino,La Paz,Bolivia,No No
105060,Lucia,1086058986,52,159,False,False,Publico,...,Minsalud,...,Femenino,Londres,Reino Unido,Si
105061,Kelly,1445040596,59,302,False,False,Publico,...,Minsalud,...,Femenino,Abu Dhabi,Emiratos Árabes Unidos,No
105062,Juliana,1300717626,55,893,False,False,Publico,...,Minterior,...,Femenino,San Francisco,Estados Unidos,Si
105063,Juliana,1018206534,57,694,False,False,Publico,...,Minterior,...,Femenino,San Petersburgo,Rusia,No
105064,Felipe,1753422636,31,520,False,False,Publico,...,Armada,Colfondos,Masculino,Teherán,Irán,Si
105065,Nicolas,1542837618,41,375,False,False,...,Civil,Porvenir,...,Masculino,San Francisco,Estados Unidos,No Si
105066,Espinoza,1069888201,43,814,False,False,...,Civil,Proteccion,...,Masculino,Los Ángeles,Estados Unidos,No No
105067,Paula,1677370608,70,130,False,False,...,Civil,Proteccion,...,Femenino,Islamabad,Pakistán,Si
105068,Pancho,1423000128,64,510,False,False,...,Civil,Colfondos,...,Masculino,Dubái,Emiratos Árabes Unidos,No
105069,Juana,1064033250,55,743,False,False,...,Civil,Colfondos,...,Femenino,Beirut,Líbano,Si
105070,Orlando,1085470436,68,143,False,False,...,Civil,Old Mutual,...,Masculino,Taskent,Uzbekistán,No
105071,Santiago,1465509610,46,516,True,False,...,Civil,Porvenir,...,Masculino,Melbourne,Australia,Si
105072,Juan Villa,1433230050,63,230,False,False,...,Civil,Porvenir,...,Masculino,Sídney,Australia,No
105073,Felipe,1196809410,55,427,False,False,Publico,...,Armada,Porvenir,Masculino,Dushanbe,Tayikistán,Si
105074,David,1083738587,46,431,False,False,Publico,...,Inpec,Old Mutual,Masculino,Astana,Kazajistán,No Si
105075,Anuel,1097953542,56,443,False,False,Publico,...,Inpec,Old Mutual,Masculino,Beirut,Líbano,No No
105076,Ariel,1523118598,55,117,False,False,Publico,...,Inpec,Old Mutual,Masculino,Dubái,Emiratos Árabes Unidos,Si
105077,Ariel,1872152657,57,521,False,False,Publico,...,Inpec,Old Mutual,Masculino,Taskent,Uzbekistán,No Si
105078,Dahiana,1156398432,61,807,False,False,Publico,...,Policia,Proteccion,Femenino,Melbourne,Australia,No No
105079,Lucia,1453927405,48,453,False,False,Publico,...,Minsalud,...,Femenino,Berlín,Alemania,Si
105080,Kelly,1186964527,32,459,False,False,Publico,...,Minsalud,...,Femenino,Moscú,Rusia,No
105081,Juliana,1884810622,42,567,False,False,Publico,...,Minterior,...,Femenino,Almaty,Kazajistán,Si
105082,Juliana,1723733594,30,513,False,False,Publico,...,Minterior,...,Femenino,Ashgabat,Turkmenistán,No
105083,Felipe,1029743643,49,685,False,False,Publico,...,Armada,Colfondos,Masculino,Astana,Kazajistán,Si
105084,Nicolas,1330015903,53,227,False,False,...,Civil,Porvenir,...,Masculino,Medellín,Colombia,No Si
105085,Espinoza,1611582626,54,485,False,False,...,Civil,Proteccion,...,Masculino,Cartagena,Colombia,No No
105086,Paula,1740881463,36,247,False,False,...,Civil,Proteccion,...,Femenino,Osaka,Japón,Si
105087,Pancho,1182893198,52,607,False,False,...,Civil,Colfondos,...,Masculino,Cali,Colombia,No
105088,Juana,1132941547,41,496,False,False,...,Civil,Colfondos,...,Femenino,Berlín,Alemania,Si
105089,Orlando,1836886522,50,467,False,False,...,Civil,Old Mutual,...,Masculino,Hanoi,Vietnam,No
105090,Santiago,1628712118,33,272,True,False,...,Civil,Porvenir,...,Masculino,Los Ángeles,Estados Unidos,Si
105091,Juan Villa,1279889185,58,393,False,False,...,Civil,Porvenir,...,Masculino,Kuwait,Kuwait,No
105092,Felipe,1731560596,65,296,False,False,Publico,...,Armada,Porvenir,Masculino,Dushanbe,Tayikistán,Si
105093,David,1246208041,69,198,False,False,Publico,...,Inpec,Old Mutual,Masculino,Melbourne,Australia,No Si
105094,Anuel,1973963985,29,376,False,False,Publico,...,Inpec,Old Mutual,Masculino,Monterrey,México,No No
105095,Ariel,1946650950,69,576,False,False,Publico,...,Inpec,Old Mutual,Masculino,Bogotá,Colombia,Si
105096,Ariel,1772010368,29,351,False,False,Publico,...,Inpec,Old Mutual,Masculino,San Petersburgo,Rusia,No Si
105097,Dahiana,1363625990,55,133,False,False,Publico,...,Policia,Proteccion,Femenino,Sídney,Australia,No No
105098,Lucia,1857989051,70,887,False,False,Publico,...,Minsalud,...,Femenino,Melbourne,Australia,Si
105099,Kelly,1199756222,56,329,False,False,Publico,...,Minsalud,...,Femenino,Dubái,Emiratos Árabes Unidos,No
105100,Juliana,1570278503,41,824,False,False,Publico,...,Minterior,...,Femenino,Santiago,Chile,Si
105101,Juliana,1070744851,70,342,False,False,Publico,...,Minterior,...,Femenino,Almaty,Kazajistán,No
105102,Felipe,1809429444,34,360,False,False,Publico,...,Armada,Colfondos,Masculino,Amán,Jordania,Si
105103,Nicolas,1230701163,47,267,False,False,...,Civil,Porvenir,...,Masculino,Abu Dhabi,Emiratos Árabes Unidos,No Si
105104,Espinoza,1585334039,27,867,False,False,...,Civil,Proteccion,...,Masculino,Mashhad,Irán,No No
105105,Paula,1148182474,43,210,False,False,...,Civil,Proteccion,...,Femenino,Delhi,India,Si
105106,Pancho,1046047800,29,639,False,False,...,Civil,Colfondos,...,Masculino,Ciudad de México,México,No
105107,Juana,1549165801,38,360,False,False,...,Civil,Colfondos,...,Femenino,Milán,Italia,Si
105108,Orlando,1604267565,53,275,False,False,...,Civil,Old Mutual,...,Masculino,Riad,Arabia Saudita,No
105109,Santiago,1007111495,60,669,True,False,...,Civil,Porvenir,...,Masculino,Melbourne,Australia,Si
105110,Juan Villa,1471527280,30,770,False,False,...,Civil,Porvenir,...,Masculino,Dushanbe,Tayikistán,No
105111,Felipe,1065575878,30,484,False,False,Publico,...,Armada,Porvenir,Masculino,Milán,Italia,Si
105112,David,1708656341,31,242,False,False,Publico,...,Inpec,Old Mutual,Masculino,Delhi,India,No Si
105113,Anuel,1804650268,27,522,False,False,Publico,...,Inpec,Old Mutual,Masculino,Beirut,Líbano,No No
105114,Ariel,1314013462,27,289,False,False,Publico,...,Inpec,Old Mutual,Masculino,Bombay,India,Si
105115,Ariel,1909241738,65,379,False,False,Publico,...,Inpec,Old Mutual,Masculino,Medellín,Colombia,No Si
105116,Dahiana,1468425469,62,253,False,False,Publico,...,Policia,Proteccion,Femenino,Lima,Perú,No No
105117,Lucia,1243666155,70,204,False,False,Publico,...,Minsalud,...,Femenino,Roma,Italia,Si
105118,Kelly,1921830976,54,623,False,False,Publico,...,Minsalud,...,Femenino,Kabul,Afganistán,No
105119,Juliana,1232740357,55,707,False,False,Publico,...,Minterior,...,Femenino,Estambul,Turquía,Si
105120,Juliana,1021384829,40,322,False,False,Publico,...,Minterior,...,Femenino,Bangkok,Tailandia,No
105121,Felipe,1154216782,34,779,False,False,Publico,...,Armada,Colfondos,Masculino,Berlín,Alemania,Si
105122,Nicolas,1218472955,27,367,False,False,...,Civil,Porvenir,...,Masculino,Roma,Italia,No Si
105123,Espinoza,1081323127,65,435,False,False,...,Civil,Proteccion,...,Masculino,Melbourne,Australia,No No
105124,Paula,1197776774,41,145,False,False,...,Civil,Proteccion,...,Femenino,Bangkok,Tailandia,Si
105125,Pancho,1250474690,50,528,False,False,...,Civil,Colfondos,...,Masculino,Almaty,Kazajistán,No
105126,Juana,1455286884,42,741,False,False,...,Civil,Colfondos,...,Femenino,Buenos Aires,Argentina,Si
105127,Orlando,1189283674,26,555,False,False,...,Civil,Old Mutual,...,Masculino,San Petersburgo,Rusia,No
105128,Santiago,1527757992,48,659,True,False,...,Civil,Porvenir,...,Masculino,Quito,Ecuador,Si
105129,Juan Villa,1631582357,36,209,False,False,...,Civil,Porvenir,...,Masculino,Mashhad,Irán,No
105130,Felipe,1588116738,50,843,False,False,Publico,...,Armada,Porvenir,Masculino,Londres,Reino Unido,Si
105131,David,1377585841,62,357,False,False,Publico,...,Inpec,Old Mutual,Masculino,Roma,Italia,No Si
105132,Anuel,1850508498,50,710,False,False,Publico,...,Inpec,Old Mutual,Masculino,Estambul,Turquía,No No
105133,Ariel,1557062614,45,193,False,False,Publico,...,Inpec,Old Mutual,Masculino,Kuwait,Kuwait,Si
105134,Ariel,1480120421,47,854,False,False,Publico,...,Inpec,Old Mutual,Masculino,La Paz,Bolivia,No Si
105135,Dahiana,1299424419,34,868,False,False,Publico,...,Policia,Proteccion,Femenino,Berlín,Alemania,No No
105136,Lucia,1949488825,60,338,False,False,Publico,...,Minsalud,...,Femenino,Amán,Jordania,Si
105137,Kelly,1034122633,32,681,False,False,Publico,...,Minsalud,...,Femenino,Armenia,Colombia,No
105138,Juliana,1978427501,51,113,False,False,Publico,...,Minterior,...,Femenino,Cartagena,Colombia,Si
105139,Juliana,1811175093,61,892,False,False,Publico,...,Minterior,...,Femenino,Cartagena,Colombia,No
105140,Felipe,1892524342,64,126,False,False,Publico,...,Armada,Colfondos,Masculino,Monterrey,México,Si
105141,Nicolas,1082008172,40,208,False,False,...,Civil,Porvenir,...,Masculino,Milán,Italia,No Si
105142,Espinoza,1694899877,64,803,False,False,...,Civil,Proteccion,...,Masculino,Bangkok,Tailandia,No No
105143,Paula,1965848099,29,181,False,False,...,Civil,Proteccion,...,Femenino,Delhi,India,Si
105144,Pancho,1988481440,54,890,False,False,...,Civil,Colfondos,...,Masculino,Melbourne,Australia,No
105145,Juana,1351942923,38,413,False,False,...,Civil,Colfondos,...,Femenino,Nueva York,Estados Unidos,Si
105146,Orlando,1422197671,51,330,False,False,...,Civil,Old Mutual,...,Masculino,Milán,Italia,No
105147,Santiago,1809005519,67,362,True,False,...,Civil,Porvenir,...,Masculino,Quito,Ecuador,Si
105148,Juan Villa,1297149956,31,112,False,False,...,Civil,Porvenir,...,Masculino,San Petersburgo,Rusia,No
105149,Felipe,1406510678,57,389,False,False,Publico,...,Armada,Porvenir,Masculino,Bombay,India,Si
105150,David,1486913670,42,260,False,False,Publico,...,Inpec,Old Mutual,Masculino,Quito,Ecuador,No Si
105151,Anuel,1429961518,54,507,False,False,Publico,...,Inpec,Old Mutual,Masculino,San Francisco,Estados Unidos,No No
105152,Ariel,1068384819,65,449,False,False,Publico,...,Inpec,Old Mutual,Masculino,Los Ángeles,Estados Unidos,Si
105153,Ariel,1106524640,57,162,False,False,Publico,...,Inpec,Old Mutual,Masculino,Berlín,Alemania,No Si
105154,Dahiana,1924934180,63,580,False,False,Publico,...,Policia,Proteccion,Femenino,París,Francia,No No
105155,Lucia,1132160135,65,661,False,False,Publico,...,Minsalud,...,Femenino,Melbourne,Australia,Si
105156,Kelly,1292343418,49,769,False,False,Publico,...,Minsalud,...,Femenino,San Petersburgo,Rusia,No
105157,Juliana,1806782762,65,249,False,False,Publico,...,Minterior,...,Femenino,Beirut,Líbano,Si
105158,Juliana,1636154328,54,149,False,False,Publico,...,Minterior,...,Femenino,Bangkok,Tailandia,No
105159,Felipe,1837336305,65,646,False,False,Publico,...,Armada,Colfondos,Masculino,Ciudad de México,México,Si
105160,Nicolas,1160731112,70,383,False,False,...,Civil,Porvenir,...,Masculino,Osaka,Japón,No Si
105161,Espinoza,1564600089,60,428,False,False,...,Civil,Proteccion,...,Masculino,Ciudad de México,México,No No
105162,Paula,1561444710,61,111,False,False,...,Civil,Proteccion,...,Femenino,Ciudad de México,México,Si
105163,Pancho,1235058451,65,795,False,False,...,Civil,Colfondos,...,Masculino,Buenos Aires,Argentina,No
105164,Juana,1855716191,45,791,False,False,...,Civil,Colfondos,...,Femenino,Osaka,Japón,Si
105165,Orlando,1670259668,63,312,False,False,...,Civil,Old Mutual,...,Masculino,Dushanbe,Tayikistán,No
105166,Santiago,1308639439,35,174,True,False,...,Civil,Porvenir,...,Masculino,Dushanbe,Tayikistán,Si
105167,Juan Villa,1227684397,43,533,False,False,...,Civil,Porvenir,...,Masculino,Karachi,Pakistán,No
105168,Felipe,1157056321,69,707,False,False,Publico,...,Armada,Porvenir,Masculino,Seúl,Corea del Sur,Si
105169,David,1245864182,38,470,False,False,Publico,...,Inpec,Old Mutual,Masculino,Ciudad de México,México,No Si
105170,Anuel,1489426784,62,429,False,False,Publico,...,Inpec,Old Mutual,Masculino,Astana,Kazajistán,No No
105171,Ariel,1352266947,47,231,False,False,Publico,...,Inpec,Old Mutual,Masculino,Cali,Colombia,Si
105172,Ariel,1348560361,52,436,False,False,Publico,...,Inpec,Old Mutual,Masculino,Roma,Italia,No Si
105173,Dahiana,1978714241,57,513,False,False,Publico,...,Policia,Proteccion,Femenino,Lima,Perú,No No
105174,Lucia,1039243766,40,242,False,False,Publico,...,Minsalud,...,Femenino,Islamabad,Pakistán,Si
105175,Kelly,1951335183,25,179,False,False,Publico,...,Minsalud,...,Femenino,Mashhad,Irán,No
105176,Juliana,1314878793,63,402,False,False,Publico,...,Minterior,...,Femenino,Los Ángeles,Estados Unidos,Si
105177,Juliana,1030097777,29,138,False,False,Publico,...,Minterior,...,Femenino,Ciudad de México,México,No
105178,Felipe,1826716569,37,871,False,False,Publico,...,Armada,Colfondos,Masculino,Lima,Perú,Si
105179,Nicolas,1636805313,44,811,False,False,...,Civil,Porvenir,...,Masculino,Amán,Jordania,No Si
105180,Espinoza,1852168241,47,108,False,False,...,Civil,Proteccion,...,Masculino,Osaka,Japón,No No
105181,Paula,1527258272,29,447,False,False,...,Civil,Proteccion,...,Femenino,Quito,Ecuador,Si
105182,Pancho,1049287382,38,114,False,False,...,Civil,Colfondos,...,Masculino,Cali,Colombia,No
105183,Juana,1609972153,26,174,False,False,...,Civil,Colfondos,...,Femenino,Astana,Kazajistán,Si
105184,Orlando,1284756336,56,605,False,False,...,Civil,Old Mutual,...,Masculino,Barcelona,España,No
105185,Santiago,1096105787,35,898,True,False,...,Civil,Porvenir,...,Masculino,Beirut,Líbano,Si
105186,Juan Villa,1936198702,48,396,False,False,...,Civil,Porvenir,...,Masculino,San Francisco,Estados Unidos,No
105187,Felipe,1609962956,47,561,False,False,Publico,...,Armada,Porvenir,Masculino,Hanoi,Vietnam,Si
105188,David,1200794650,50,689,False,False,Publico,...,Inpec,Old Mutual,Masculino,Astana,Kazajistán,No Si
105189,Anuel,1768354244,65,113,False,False,Publico,...,Inpec,Old Mutual,Masculino,Londres,Reino Unido,No No
105190,Ariel,1548740700,44,569,False,False,Publico,...,Inpec,Old Mutual,Masculino,Bangkok,Tailandia,Si
105191,Ariel,1084852039,61,598,False,False,Publico,...,Inpec,Old Mutual,Masculino,Islamabad,Pakistán,No Si
105192,Dahiana,1615521181,30,489,False,False,Publico,...,Policia,Proteccion,Femenino,San Francisco,Estados Unidos,No No
105193,Lucia,1216462015,31,330,False,False,Publico,...,Minsalud,...,Femenino,Amán,Jordania,Si
105194,Kelly,1481458872,56,459,False,False,Publico,...,Minsalud,...,Femenino,Taskent,Uzbekistán,No
105195,Juliana,1610619312,61,400,False,False,Publico,...,Minterior,...,Femenino,Almaty,Kazajistán,Si
105196,Juliana,1926240389,25,422,False,False,Publico,...,Minterior,...,Femenino,Moscú,Rusia,No
105197,Felipe,1310213542,45,392,False,False,Publico,...,Armada,Colfondos,Masculino,Abu Dhabi,Emiratos Árabes Unidos,Si
105198,Nicolas,1754301722,28,282,False,False,...,Civil,Porvenir,...,Masculino,San Petersburgo,Rusia,No Si
105199,Espinoza,1716874508,61,147,False,False,...,Civil,Proteccion,...,Masculino,Monterrey,México,No No
105200,Paula,1170063700,46,739,False,False,...,Civil,Proteccion,...,Femenino,Ciudad de México,México,Si
105201,Pancho,1404777952,47,848,False,False,...,Civil,Colfondos,...,Masculino,Doha,Catar,No
105202,Juana,1287084881,38,493,False,False,...,Civil,Colfondos,...,Femenino,Barcelona,España,Si
105203,Orlando,1908737939,56,220,False,False,...,Civil,Old Mutual,...,Masculino,Cali,Colombia,No
105204,Santiago,1890076908,63,700,True,False,...,Civil,Porvenir,...,Masculino,Armenia,Colombia,Si
105205,Juan Villa,1766951300,40,249,False,False,...,Civil,Porvenir,...,Masculino,Taskent,Uzbekistán,No
105206,Felipe,1230670990,61,342,False,False,Publico,...,Armada,Porvenir,Masculino,Hanoi,Vietnam,Si
105207,David,1913398660,51,588,False,False,Publico,...,Inpec,Old Mutual,Masculino,Dubái,Emiratos Árabes Unidos,No Si
105208,Anuel,1116767716,44,327,False,False,Publico,...,Inpec,Old Mutual,Masculino,Nueva York,Estados Unidos,No No
105209,Ariel,1863976582,62,464,False,False,Publico,...,Inpec,Old Mutual,Masculino,Amán,Jordania,Si
105210,Ariel,1663218724,52,421,False,False,Publico,...,Inpec,Old Mutual,Masculino,San Petersburgo,Rusia,No Si
105211,Dahiana,1398882765,69,700,False,False,Publico,...,Policia,Proteccion,Femenino,Londres,Reino Unido,No No
105212,Lucia,1256844578,64,199,False,False,Publico,...,Minsalud,...,Femenino,San Francisco,Estados Unidos,Si
105213,Kelly,1404154513,44,579,False,False,Publico,...,Minsalud,...,Femenino,Dushanbe,Tayikistán,No
105214,Juliana,1431870323,64,237,False,False,Publico,...,Minterior,...,Femenino,Buenos Aires,Argentina,Si
105215,Juliana,1205789002,49,432,False,False,Publico,...,Minterior,...,Femenino,Astana,Kazajistán,No
105216,Felipe,1414674487,40,867,False,False,Publico,...,Armada,Colfondos,Masculino,Islamabad,Pakistán,Si
105217,Nicolas,1585301420,70,244,False,False,...,Civil,Porvenir,...,Masculino,Abu Dhabi,Emiratos Árabes Unidos,No Si
105218,Espinoza,1290327074,66,735,False,False,...,Civil,Proteccion,...,Masculino,Estambul,Turquía,No No
105219,Paula,1031749091,61,765,False,False,...,Civil,Proteccion,...,Femenino,Medellín,Colombia,Si
105220,Pancho,1247389407,57,792,False,False,...,Civil,Colfondos,...,Masculino,Islamabad,Pakistán,No
105221,Juana,1420430929,40,256,False,False,...,Civil,Colfondos,...,Femenino,Osaka,Japón,Si
105222,Orlando,1892988794,48,628,False,False,...,Civil,Old Mutual,...,Masculino,Sídney,Australia,No
105223,Santiago,1281235833,28,309,True,False,...,Civil,Porvenir,...,Masculino,Islamabad,Pakistán,Si
105224,Juan Villa,1367697177,53,246,False,False,...,Civil,Porvenir,...,Masculino,Quito,Ecuador,No
105225,Felipe,1966172721,60,605,False,False,Publico,...,Armada,Porvenir,Masculino,Teherán,Irán,Si
105226,David,1937629302,46,791,False,False,Publico,...,Inpec,Old Mutual,Masculino,Ciudad de México,México,No Si
105227,Anuel,1157243562,27,354,False,False,Publico,...,Inpec,Old Mutual,Masculino,Bogotá,Colombia,No No
105228,Ariel,1296619707,38,346,False,False,Publico,...,Inpec,Old Mutual,Masculino,Cartagena,Colombia,Si
105229,Ariel,1787366669,42,692,False,False,Publico,...,Inpec,Old Mutual,Masculino,Dushanbe,Tayikistán,No Si
105230,Dahiana,1500613645,52,589,False,False,Publico,...,Policia,Proteccion,Femenino,Bogotá,Colombia,No No
105231,Lucia,1033955775,64,158,False,False,Publico,...,Minsalud,...,Femenino,Almaty,Kazajistán,Si
105232,Kelly,1816506637,67,128,False,False,Publico,...,Minsalud,...,Femenino,La Paz,Bolivia,No
105233,Juliana,1081582356,60,215,False,False,Publico,...,Minterior,...,Femenino,Ashgabat,Turkmenistán,Si
105234,Juliana,1002182757,63,863,False,False,Publico,...,Minterior,...,Femenino,Armenia,Colombia,No
105235,Felipe,1389701376,47,657,False,False,Publico,...,Armada,Colfondos,Masculino,Buenos Aires,Argentina,Si
105236,Nicolas,1281176599,26,155,False,False,...,Civil,Porvenir,...,Masculino,Roma,Italia,No Si
105237,Espinoza,1882078654,39,285,False,False,...,Civil,Proteccion,...,Masculino,Cali,Colombia,No No
105238,Paula,1810395493,36,198,False,False,...,Civil,Proteccion,...,Femenino,Islamabad,Pakistán,Si
105239,Pancho,1649777928,28,794,False,False,...,Civil,Colfondos,...,Masculino,Taskent,Uzbekistán,No
105240,Juana,1599722710,57,776,False,False,...,Civil,Colfondos,...,Femenino,Armenia,Colombia,Si
105241,Orlando,1121039418,63,706,False,False,...,Civil,Old Mutual,...,Masculino,Beirut,Líbano,No
105242,Santiago,1787689918,37,168,True,False,...,Civil,Porvenir,...,Masculino,Doha,Catar,Si
105243,Juan Villa,1910860840,31,785,False,False,...,Civil,Porvenir,...,Masculino,Abu Dhabi,Emiratos Árabes Unidos,No
105244,Felipe,1956132004,37,425,False,False,Publico,...,Armada,Porvenir,Masculino,Múnich,Alemania,Si
105245,David,1034493150,67,252,False,False,Publico,...,Inpec,Old Mutual,Masculino,Bombay,India,No Si
105246,Anuel,1139315847,63,111,False,False,Publico,...,Inpec,Old Mutual,Masculino,San Francisco,Estados Unidos,No No
105247,Ariel,1623169414,53,494,False,False,Publico,...,Inpec,Old Mutual,Masculino,Melbourne,Australia,Si
105248,Ariel,1972111918,66,141,False,False,Publico,...,Inpec,Old Mutual,Masculino,Milán,Italia,No Si
105249,Dahiana,1379595351,63,563,False,False,Publico,...,Policia,Proteccion,Femenino,San Francisco,Estados Unidos,No No
105250,Lucia,1030416913,63,834,False,False,Publico,...,Minsalud,...,Femenino,Almaty,Kazajistán,Si
105251,Kelly,1222827028,31,834,False,False,Publico,...,Minsalud,...,Femenino,Amán,Jordania,No
105252,Juliana,1038613469,55,825,False,False,Publico,...,Minterior,...,Femenino,San Petersburgo,Rusia,Si
105253,Juliana,1217070411,57,305,False,False,Publico,...,Minterior,...,Femenino,Islamabad,Pakistán,No
105254,Felipe,1992589166,34,853,False,False,Publico,...,Armada,Colfondos,Masculino,Estambul,Turquía,Si
105255,Nicolas,1510494577,61,109,False,False,...,Civil,Porvenir,...,Masculino,Dushanbe,Tayikistán,No Si
105256,Espinoza,1248766058,53,815,False,False,...,Civil,Proteccion,...,Masculino,Monterrey,México,No No
105257,Paula,1984817392,59,345,False,False,...,Civil,Proteccion,...,Femenino,San Petersburgo,Rusia,Si
105258,Pancho,1128105436,49,732,False,False,...,Civil,Colfondos,...,Masculino,Estambul,Turquía,No
105259,Juana,1744133912,57,645,False,False,...,Civil,Colfondos,...,Femenino,Bangkok,Tailandia,Si
105260,Orlando,1445331560,33,763,False,False,...,Civil,Old Mutual,...,Masculino,Seúl,Corea del Sur,No
105261,Santiago,1194825030,68,425,True,False,...,Civil,Porvenir,...,Masculino,San Petersburgo,Rusia,Si
105262,Juan Villa,1095238297,25,110,False,False,...,Civil,Porvenir,...,Masculino,Nueva York,Estados Unidos,No
105263,Felipe,1150398773,56,413,False,False,Publico,...,Armada,Porvenir,Masculino,Osaka,Japón,Si
105264,David,1242386377,33,663,False,False,Publico,...,Inpec,Old Mutual,Masculino,Ciudad de México,México,No Si
105265,Anuel,1503133104,58,705,False,False,Publico,...,Inpec,Old Mutual,Masculino,Almaty,Kazajistán,No No
105266,Ariel,1631900061,37,278,False,False,Publico,...,Inpec,Old Mutual,Masculino,San Francisco,Estados Unidos,Si
105267,Ariel,1399770407,48,353,False,False,Publico,...,Inpec,Old Mutual,Masculino,Kuwait,Kuwait,No Si
105268,Dahiana,1385253768,60,197,False,False,Publico,...,Policia,Proteccion,Femenino,Monterrey,México,No No
105269,Lucia,1918600838,33,130,False,False,Publico,...,Minsalud,...,Femenino,Kabul,Afganistán,Si
105270,Kelly,1033374263,35,607,False,False,Publico,...,Minsalud,...,Femenino,Seúl,Corea del Sur,No
105271,Juliana,1346108046,52,627,False,False,Publico,...,Minterior,...,Femenino,Cali,Colombia,Si
105272,Juliana,1298613912,47,589,False,False,Publico,...,Minterior,...,Femenino,Quito,Ecuador,No
105273,Felipe,1091265268,66,458,False,False,Publico,...,Armada,Colfondos,Masculino,Dushanbe,Tayikistán,Si
105274,Nicolas,1025727213,32,329,False,False,...,Civil,Porvenir,...,Masculino,Buenos Aires,Argentina,No Si
105275,Espinoza,1138463060,43,465,False,False,...,Civil,Proteccion,...,Masculino,Kabul,Afganistán,No No
105276,Paula,1128631387,31,302,False,False,...,Civil,Proteccion,...,Femenino,San Francisco,Estados Unidos,Si
105277,Pancho,1651741633,62,503,False,False,...,Civil,Colfondos,...,Masculino,Nueva York,Estados Unidos,No
105278,Juana,1556054049,49,618,False,False,...,Civil,Colfondos,...,Femenino,Almaty,Kazajistán,Si
105279,Orlando,1206207085,37,169,False,False,...,Civil,Old Mutual,...,Masculino,Riad,Arabia Saudita,No
105280,Santiago,1600401517,61,293,True,False,...,Civil,Porvenir,...,Masculino,Doha,Catar,Si
105281,Juan Villa,1296540605,53,220,False,False,...,Civil,Porvenir,...,Masculino,Astana,Kazajistán,No
105282,Felipe,1349376694,34,675,False,False,Publico,...,Armada,Porvenir,Masculino,Kabul,Afganistán,Si
105283,David,1719476596,65,561,False,False,Publico,...,Inpec,Old Mutual,Masculino,Almaty,Kazajistán,No Si
105284,Anuel,1402587439,69,252,False,False,Publico,...,Inpec,Old Mutual,Masculino,Kuwait,Kuwait,No No
105285,Ariel,1646095496,57,875,False,False,Publico,...,Inpec,Old Mutual,Masculino,Estambul,Turquía,Si
105286,Ariel,1992075410,41,563,False,False,Publico,...,Inpec,Old Mutual,Masculino,Kabul,Afganistán,No Si
105287,Dahiana,1205951999,29,397,False,False,Publico,...,Policia,Proteccion,Femenino,San Francisco,Estados Unidos,No No
105288,Lucia,1778158706,66,678,False,False,Publico,...,Minsalud,...,Femenino,San Francisco,Estados Unidos,Si
105289,Kelly,1619674144,25,354,False,False,Publico,...,Minsalud,...,Femenino,Bangkok,Tailandia,No
105290,Juliana,1799676127,33,280,False,False,Publico,...,Minterior,...,Femenino,Dushanbe,Tayikistán,Si
105291,Juliana,1864897710,50,118,False,False,Publico,...,Minterior,...,Femenino,Armenia,Colombia,No
105292,Felipe,1173320870,52,288,False,False,Publico,...,Armada,Colfondos,Masculino,Osaka,Japón,Si
105293,Nicolas,1066189682,31,613,False,False,...,Civil,Porvenir,...,Masculino,Ciudad de México,México,No Si
105294,Espinoza,1435039803,26,827,False,False,...,Civil,Proteccion,...,Masculino,San Francisco,Estados Unidos,No No
105295,Paula,1368332893,48,572,False,False,...,Civil,Proteccion,...,Femenino,Astana,Kazajistán,Si
105296,Pancho,1223410061,27,737,False,False,...,Civil,Colfondos,...,Masculino,Islamabad,Pakistán,No
105297,Juana,1384942053,26,638,False,False,...,Civil,Colfondos,...,Femenino,Santiago,Chile,Si
105298,Orlando,1121720169,44,399,False,False,...,Civil,Old Mutual,...,Masculino,Bombay,India,No
105299,Santiago,1100895542,45,284,True,False,...,Civil,Porvenir,...,Masculino,Bogotá,Colombia,Si
105300,Juan Villa,1775170420,60,546,False,False,...,Civil,Porvenir,...,Masculino,Dushanbe,Tayikistán,No
105301,Felipe,1579807818,62,439,False,False,Publico,...,Armada,Porvenir,Masculino,Bangkok,Tailandia,Si
105302,David,1198166714,67,707,False,False,Publico,...,Inpec,Old Mutual,Masculino,Armenia,Colombia,No Si
105303,Anuel,1423047970,41,699,False,False,Publico,...,Inpec,Old Mutual,Masculino,Kuwait,Kuwait,No No
105304,Ariel,1774867981,42,335,False,False,Publico,...,Inpec,Old Mutual,Masculino,Los Ángeles,Estados Unidos,Si
105305,Ariel,1618698358,61,662,False,False,Publico,...,Inpec,Old Mutual,Masculino,Kabul,Afganistán,No Si
105306,Dahiana,1410190852,25,137,False,False,Publico,...,Policia,Proteccion,Femenino,Almaty,Kazajistán,No No
105307,Lucia,1858849349,47,151,False,False,Publico,...,Minsalud,...,Femenino,Doha,Catar,Si
105308,Kelly,1222199588,62,387,False,False,Publico,...,Minsalud,...,Femenino,Almaty,Kazajistán,No
105309,Juliana,1108395388,68,434,False,False,Publico,...,Minterior,...,Femenino,Kuwait,Kuwait,Si
105310,Juliana,1346244185,70,200,False,False,Publico,...,Minterior,...,Femenino,Milán,Italia,No
105311,Felipe,1543142811,65,508,False,False,Publico,...,Armada,Colfondos,Masculino,Bombay,India,Si
105312,Nicolas,1698946310,53,441,False,False,...,Civil,Porvenir,...,Masculino,Kuwait,Kuwait,No Si
105313,Espinoza,1540542775,69,757,False,False,...,Civil,Proteccion,...,Masculino,Medellín,Colombia,No No
105314,Paula,1486384835,63,131,False,False,...,Civil,Proteccion,...,Femenino,Ciudad de México,México,Si
105315,Pancho,1027196153,37,385,False,False,...,Civil,Colfondos,...,Masculino,Ashgabat,Turkmenistán,No
105316,Juana,1589499809,37,768,False,False,...,Civil,Colfondos,...,Femenino,Berlín,Alemania,Si
105317,Orlando,1775929280,69,889,False,False,...,Civil,Old Mutual,...,Masculino,Bombay,India,No
105318,Santiago,1663931616,33,363,True,False,...,Civil,Porvenir,...,Masculino,Melbourne,Australia,Si
105319,Juan Villa,1021263616,27,329,False,False,...,Civil,Porvenir,...,Masculino,Los Ángeles,Estados Unidos,No
105320,Felipe,1713855450,70,547,False,False,Publico,...,Armada,Porvenir,Masculino,Ashgabat,Turkmenistán,Si
105321,David,1523800584,59,509,False,False,Publico,...,Inpec,Old Mutual,Masculino,Lima,Perú,No Si
105322,Anuel,1395135409,34,689,False,False,Publico,...,Inpec,Old Mutual,Masculino,Melbourne,Australia,No No
105323,Ariel,1550897947,45,679,False,False,Publico,...,Inpec,Old Mutual,Masculino,Buenos Aires,Argentina,Si
105324,Ariel,1982900334,68,135,False,False,Publico,...,Inpec,Old Mutual,Masculino,Nueva York,Estados Unidos,No Si
105325,Dahiana,1324917699,62,682,False,False,Publico,...,Policia,Proteccion,Femenino,Dubái,Emiratos Árabes Unidos,No No
105326,Lucia,1931120658,29,143,False,False,Publico,...,Minsalud,...,Femenino,Seúl,Corea del Sur,Si
105327,Kelly,1437945611,27,764,False,False,Publico,...,Minsalud,...,Femenino,Riad,Arabia Saudita,No
105328,Juliana,1703708625,50,345,False,False,Publico,...,Minterior,...,Femenino,Los Ángeles,Estados Unidos,Si
105329,Juliana,1721803856,42,229,False,False,Publico,...,Minterior,...,Femenino,Madrid,España,No
105330,Felipe,1231826382,37,712,False,False,Publico,...,Armada,Colfondos,Masculino,Taskent,Uzbekistán,Si
105331,Nicolas,1968198061,41,311,False,False,...,Civil,Porvenir,...,Masculino,Cali,Colombia,No Si
105332,Espinoza,1896204998,44,786,False,False,...,Civil,Proteccion,...,Masculino,Sídney,Australia,No No
105333,Paula,1079572719,48,574,False,False,...,Civil,Proteccion,...,Femenino,Cali,Colombia,Si
105334,Pancho,1498558882,67,872,False,False,...,Civil,Colfondos,...,Masculino,Beirut,Líbano,No
105335,Juana,1670173599,41,252,False,False,...,Civil,Colfondos,...,Femenino,Nueva York,Estados Unidos,Si
105336,Orlando,1058140803,28,674,False,False,...,Civil,Old Mutual,...,Masculino,Lima,Perú,No
105337,Santiago,1150870939,66,518,True,False,...,Civil,Porvenir,...,Masculino,Lima,Perú,Si
105338,Juan Villa,1204503961,30,544,False,False,...,Civil,Porvenir,...,Masculino,Astana,Kazajistán,No
105339,Felipe,1656967294,43,751,False,False,Publico,...,Armada,Porvenir,Masculino,La Paz,Bolivia,Si
105340,David,1187119657,31,774,False,False,Publico,...,Inpec,Old Mutual,Masculino,Cali,Colombia,No Si
105341,Anuel,1420238192,61,717,False,False,Publico,...,Inpec,Old Mutual,Masculino,Hanoi,Vietnam,No No
105342,Ariel,1013395786,33,309,False,False,Publico,...,Inpec,Old Mutual,Masculino,Beirut,Líbano,Si
105343,Ariel,1426508367,69,732,False,False,Publico,...,Inpec,Old Mutual,Masculino,Dubái,Emiratos Árabes Unidos,No Si
105344,Dahiana,1656794209,60,508,False,False,Publico,...,Policia,Proteccion,Femenino,Almaty,Kazajistán,No No
105345,Lucia,1710053158,31,676,False,False,Publico,...,Minsalud,...,Femenino,Berlín,Alemania,Si
105346,Kelly,1692390741,61,110,False,False,Publico,...,Minsalud,...,Femenino,Abu Dhabi,Emiratos Árabes Unidos,No
105347,Juliana,1039986315,63,785,False,False,Publico,...,Minterior,...,Femenino,Medellín,Colombia,Si
105348,Juliana,1670049386,31,160,False,False,Publico,...,Minterior,...,Femenino,Milán,Italia,No
105349,Felipe,1950769528,63,678,False,False,Publico,...,Armada,Colfondos,Masculino,Medellín,Colombia,Si
105350,Nicolas,1177797769,59,821,False,False,...,Civil,Porvenir,...,Masculino,París,Francia,No Si
105351,Espinoza,1561791367,66,303,False,False,...,Civil,Proteccion,...,Masculino,Nueva York,Estados Unidos,No No
105352,Paula,1724979917,66,774,False,False,...,Civil,Proteccion,...,Femenino,Kabul,Afganistán,Si
105353,Pancho,1332684710,68,533,False,False,...,Civil,Colfondos,...,Masculino,Buenos Aires,Argentina,No
105354,Juana,1960478058,34,377,False,False,...,Civil,Colfondos,...,Femenino,Barcelona,España,Si
105355,Orlando,1140456471,54,665,False,False,...,Civil,Old Mutual,...,Masculino,Beirut,Líbano,No
105356,Santiago,1704076836,39,550,True,False,...,Civil,Porvenir,...,Masculino,Madrid,España,Si
105357,Juan Villa,1132619335,54,474,False,False,...,Civil,Porvenir,...,Masculino,Astana,Kazajistán,No
105358,Felipe,1747469634,53,880,False,False,Publico,...,Armada,Porvenir,Masculino,Melbourne,Australia,Si
105359,David,1058375668,60,874,False,False,Publico,...,Inpec,Old Mutual,Masculino,Astana,Kazajistán,No Si
105360,Anuel,1738157918,59,543,False,False,Publico,...,Inpec,Old Mutual,Masculino,Bogotá,Colombia,No No
105361,Ariel,1780401824,62,173,False,False,Publico,...,Inpec,Old Mutual,Masculino,Islamabad,Pakistán,Si
105362,Ariel,1889583594,69,186,False,False,Publico,...,Inpec,Old Mutual,Masculino,Astana,Kazajistán,No Si
105363,Dahiana,1378882714,40,694,False,False,Publico,...,Policia,Proteccion,Femenino,Nueva York,Estados Unidos,No No
105364,Lucia,1605632203,34,384,False,False,Publico,...,Minsalud,...,Femenino,Los Ángeles,Estados Unidos,Si
105365,Kelly,1055037643,55,675,False,False,Publico,...,Minsalud,...,Femenino,Amán,Jordania,No
105366,Juliana,1502432175,68,537,False,False,Publico,...,Minterior,...,Femenino,Beirut,Líbano,Si
105367,Juliana,1905122022,26,419,False,False,Publico,...,Minterior,...,Femenino,San Petersburgo,Rusia,No
105368,Felipe,1804706265,25,589,False,False,Publico,...,Armada,Colfondos,Masculino,Amán,Jordania,Si
105369,Nicolas,1049630509,51,701,False,False,...,Civil,Porvenir,...,Masculino,San Petersburgo,Rusia,No Si
105370,Espinoza,1101199403,28,578,False,False,...,Civil,Proteccion,...,Masculino,Doha,Catar,No No
105371,Paula,1495387315,46,888,False,False,...,Civil,Proteccion,...,Femenino,Delhi,India,Si
105372,Pancho,1459660583,25,132,False,False,...,Civil,Colfondos,...,Masculino,Lima,Perú,No
105373,Juana,1480536242,52,143,False,False,...,Civil,Colfondos,...,Femenino,Abu Dhabi,Emiratos Árabes Unidos,Si
105374,Orlando,1261805133,57,808,False,False,...,Civil,Old Mutual,...,Masculino,Ashgabat,Turkmenistán,No
105375,Santiago,1847960362,35,254,True,False,...,Civil,Porvenir,...,Masculino,Mashhad,Irán,Si
105376,Juan Villa,1811552405,38,772,False,False,...,Civil,Porvenir,...,Masculino,Madrid,España,No
105377,Felipe,1879808652,43,546,False,False,Publico,...,Armada,Porvenir,Masculino,Islamabad,Pakistán,Si
105378,David,1103584047,64,809,False,False,Publico,...,Inpec,Old Mutual,Masculino,Londres,Reino Unido,No Si
105379,Anuel,1879401297,55,577,False,False,Publico,...,Inpec,Old Mutual,Masculino,Milán,Italia,No No
105380,Ariel,1058311829,50,897,False,False,Publico,...,Inpec,Old Mutual,Masculino,Kabul,Afganistán,Si
105381,Ariel,1553675300,61,254,False,False,Publico,...,Inpec,Old Mutual,Masculino,San Francisco,Estados Unidos,No Si
105382,Dahiana,1204971753,44,460,False,False,Publico,...,Policia,Proteccion,Femenino,Múnich,Alemania,No No
105383,Lucia,1517138435,42,775,False,False,Publico,...,Minsalud,...,Femenino,Buenos Aires,Argentina,Si
105384,Kelly,1137308658,31,658,False,False,Publico,...,Minsalud,...,Femenino,Múnich,Alemania,No
105385,Juliana,1179133519,32,343,False,False,Publico,...,Minterior,...,Femenino,Múnich,Alemania,Si
105386,Juliana,1984774196,29,429,False,False,Publico,...,Minterior,...,Femenino,Islamabad,Pakistán,No
105387,Felipe,1379537172,38,169,False,False,Publico,...,Armada,Colfondos,Masculino,San Francisco,Estados Unidos,Si
105388,Nicolas,1043714592,35,843,False,False,...,Civil,Porvenir,...,Masculino,Los Ángeles,Estados Unidos,No Si
105389,Espinoza,1649097467,33,707,False,False,...,Civil,Proteccion,...,Masculino,Seúl,Corea del Sur,No No
105390,Paula,1382521232,37,564,False,False,...,Civil,Proteccion,...,Femenino,Astana,Kazajistán,Si
105391,Pancho,1092065920,43,360,False,False,...,Civil,Colfondos,...,Masculino,Beirut,Líbano,No
105392,Juana,1757112788,60,110,False,False,...,Civil,Colfondos,...,Femenino,Nueva York,Estados Unidos,Si
105393,Orlando,1411093190,27,825,False,False,...,Civil,Old Mutual,...,Masculino,San Francisco,Estados Unidos,No
105394,Santiago,1123430969,69,171,True,False,...,Civil,Porvenir,...,Masculino,Seúl,Corea del Sur,Si
105395,Juan Villa,1220333874,70,154,False,False,...,Civil,Porvenir,...,Masculino,Dubái,Emiratos Árabes Unidos,No
105396,Felipe,1408747534,47,880,False,False,Publico,...,Armada,Porvenir,Masculino,Quito,Ecuador,Si
105397,David,1391155082,41,410,False,False,Publico,...,Inpec,Old Mutual,Masculino,Taskent,Uzbekistán,No Si
105398,Anuel,1134422929,51,177,False,False,Publico,...,Inpec,Old Mutual,Masculino,Islamabad,Pakistán,No No
105399,Ariel,1768684825,65,209,False,False,Publico,...,Inpec,Old Mutual,Masculino,Los Ángeles,Estados Unidos,Si
105400,Ariel,1239914714,39,888,False,False,Publico,...,Inpec,Old Mutual,Masculino,Roma,Italia,No Si
105401,Dahiana,1315038435,31,888,False,False,Publico,...,Policia,Proteccion,Femenino,Seúl,Corea del Sur,No No
105402,Lucia,1260207958,63,807,False,False,Publico,...,Minsalud,...,Femenino,Taskent,Uzbekistán,Si
105403,Kelly,1470413784,54,281,False,False,Publico,...,Minsalud,...,Femenino,Ciudad de México,México,No
105404,Juliana,1997390868,37,792,False,False,Publico,...,Minterior,...,Femenino,Riad,Arabia Saudita,Si
105405,Juliana,1445219677,70,633,False,False,Publico,...,Minterior,...,Femenino,Sídney,Australia,No
105406,Felipe,1224448810,39,889,False,False,Publico,...,Armada,Colfondos,Masculino,Ashgabat,Turkmenistán,Si
105407,Nicolas,1065767262,70,264,False,False,...,Civil,Porvenir,...,Masculino,Estambul,Turquía,No Si
105408,Espinoza,1065861716,41,220,False,False,...,Civil,Proteccion,...,Masculino,Cali,Colombia,No No
105409,Paula,1548924240,46,476,False,False,...,Civil,Proteccion,...,Femenino,San Petersburgo,Rusia,Si
105410,Pancho,1068904817,31,443,False,False,...,Civil,Colfondos,...,Masculino,Milán,Italia,No
105411,Juana,1410687598,37,456,False,False,...,Civil,Colfondos,...,Femenino,Amán,Jordania,Si
105412,Orlando,1532494133,35,307,False,False,...,Civil,Old Mutual,...,Masculino,Londres,Reino Unido,No
105413,Santiago,1466172281,40,672,True,False,...,Civil,Porvenir,...,Masculino,Medellín,Colombia,Si
105414,Juan Villa,1572281939,37,575,False,False,...,Civil,Porvenir,...,Masculino,Milán,Italia,No
105415,Felipe,1312924281,54,842,False,False,Publico,...,Armada,Porvenir,Masculino,Bombay,India,Si
105416,David,1611218728,30,303,False,False,Publico,...,Inpec,Old Mutual,Masculino,San Francisco,Estados Unidos,No Si
105417,Anuel,1769130562,40,566,False,False,Publico,...,Inpec,Old Mutual,Masculino,Monterrey,México,No No
105418,Ariel,1071710646,65,131,False,False,Publico,...,Inpec,Old Mutual,Masculino,Beirut,Líbano,Si
105419,Ariel,1735472223,51,779,False,False,Publico,...,Inpec,Old Mutual,Masculino,Delhi,India,No Si
105420,Dahiana,1294067519,57,614,False,False,Publico,...,Policia,Proteccion,Femenino,Cartagena,Colombia,No No
105421,Lucia,1899384319,56,639,False,False,Publico,...,Minsalud,...,Femenino,Londres,Reino Unido,Si
105422,Kelly,1841812453,42,124,False,False,Publico,...,Minsalud,...,Femenino,Berlín,Alemania,No
105423,Juliana,1718304638,46,755,False,False,Publico,...,Minterior,...,Femenino,Roma,Italia,Si
105424,Juliana,1511424238,50,858,False,False,Publico,...,Minterior,...,Femenino,Dubái,Emiratos Árabes Unidos,No
105425,Felipe,1385819372,56,373,False,False,Publico,...,Armada,Colfondos,Masculino,Nueva York,Estados Unidos,Si
105426,Nicolas,1037465812,37,636,False,False,...,Civil,Porvenir,...,Masculino,Nueva York,Estados Unidos,No Si
105427,Espinoza,1925506403,35,567,False,False,...,Civil,Proteccion,...,Masculino,Bangkok,Tailandia,No No
105428,Paula,1363718753,61,771,False,False,...,Civil,Proteccion,...,Femenino,Ciudad de México,México,Si
105429,Pancho,1827708749,28,336,False,False,...,Civil,Colfondos,...,Masculino,París,Francia,No
105430,Juana,1702863853,59,675,False,False,...,Civil,Colfondos,...,Femenino,Karachi,Pakistán,Si
105431,Orlando,1609839461,29,292,False,False,...,Civil,Old Mutual,...,Masculino,Mashhad,Irán,No
105432,Santiago,1984832774,69,227,True,False,...,Civil,Porvenir,...,Masculino,Lima,Perú,Si
105433,Juan Villa,1622163863,47,210,False,False,...,Civil,Porvenir,...,Masculino,Cartagena,Colombia,No
105434,Felipe,1068379212,44,881,False,False,Publico,...,Armada,Porvenir,Masculino,Kabul,Afganistán,Si
105435,David,1476136951,39,610,False,False,Publico,...,Inpec,Old Mutual,Masculino,Dubái,Emiratos Árabes Unidos,No Si
105436,Anuel,1256614462,60,531,False,False,Publico,...,Inpec,Old Mutual,Masculino,Astana,Kazajistán,No No
105437,Ariel,1680375282,26,144,False,False,Publico,...,Inpec,Old Mutual,Masculino,Barcelona,España,Si
105438,Ariel,1552621436,55,800,False,False,Publico,...,Inpec,Old Mutual,Masculino,Hanoi,Vietnam,No Si
105439,Dahiana,1559667954,67,194,False,False,Publico,...,Policia,Proteccion,Femenino,Kuwait,Kuwait,No No
105440,Lucia,1336016106,61,138,False,False,Publico,...,Minsalud,...,Femenino,Riad,Arabia Saudita,Si
105441,Kelly,1115599677,53,419,False,False,Publico,...,Minsalud,...,Femenino,Kabul,Afganistán,No
105442,Juliana,1455042074,27,252,False,False,Publico,...,Minterior,...,Femenino,Madrid,España,Si
105443,Juliana,1810115735,26,486,False,False,Publico,...,Minterior,...,Femenino,Nueva York,Estados Unidos,No
105444,Felipe,1825398639,47,251,False,False,Publico,...,Armada,Colfondos,Masculino,Múnich,Alemania,Si
105445,Nicolas,1253608596,59,854,False,False,...,Civil,Porvenir,...,Masculino,Dubái,Emiratos Árabes Unidos,No Si
105446,Espinoza,1250942775,26,680,False,False,...,Civil,Proteccion,...,Masculino,Tokio,Japón,No No
105447,Paula,1695010781,28,365,False,False,...,Civil,Proteccion,...,Femenino,Múnich,Alemania,Si
105448,Pancho,1927261570,28,721,False,False,...,Civil,Colfondos,...,Masculino,Quito,Ecuador,No
105449,Juana,1753898065,37,883,False,False,...,Civil,Colfondos,...,Femenino,Madrid,España,Si
105450,Orlando,1358586627,31,510,False,False,...,Civil,Old Mutual,...,Masculino,Armenia,Colombia,No
105451,Santiago,1883436790,33,623,True,False,...,Civil,Porvenir,...,Masculino,Medellín,Colombia,Si
105452,Juan Villa,1093024081,64,875,False,False,...,Civil,Porvenir,...,Masculino,Astana,Kazajistán,No
105453,Felipe,1990717062,25,711,False,False,Publico,...,Armada,Porvenir,Masculino,Moscú,Rusia,Si
105454,David,1960822782,61,600,False,False,Publico,...,Inpec,Old Mutual,Masculino,Milán,Italia,No Si
105455,Anuel,1955813558,33,638,False,False,Publico,...,Inpec,Old Mutual,Masculino,La Paz,Bolivia,No No
105456,Ariel,1532159679,28,547,False,False,Publico,...,Inpec,Old Mutual,Masculino,Astana,Kazajistán,Si
105457,Ariel,1652278371,39,578,False,False,Publico,...,Inpec,Old Mutual,Masculino,Berlín,Alemania,No Si
105458,Dahiana,1179348385,47,211,False,False,Publico,...,Policia,Proteccion,Femenino,Bombay,India,No No
105459,Lucia,1656426761,69,774,False,False,Publico,...,Minsalud,...,Femenino,Islamabad,Pakistán,Si
105460,Kelly,1549364875,42,294,False,False,Publico,...,Minsalud,...,Femenino,Nueva York,Estados Unidos,No
105461,Juliana,1372294438,29,216,False,False,Publico,...,Minterior,...,Femenino,Berlín,Alemania,Si
105462,Juliana,1529070655,63,558,False,False,Publico,...,Minterior,...,Femenino,Islamabad,Pakistán,No
105463,Felipe,1527332941,40,212,False,False,Publico,...,Armada,Colfondos,Masculino,Ciudad de México,México,Si
105464,Nicolas,1687060600,38,883,False,False,...,Civil,Porvenir,...,Masculino,Karachi,Pakistán,No Si
105465,Espinoza,1964218840,65,403,False,False,...,Civil,Proteccion,...,Masculino,Riad,Arabia Saudita,No No
105466,Paula,1723188463,36,466,False,False,...,Civil,Proteccion,...,Femenino,San Petersburgo,Rusia,Si
105467,Pancho,1938643944,33,699,False,False,...,Civil,Colfondos,...,Masculino,San Francisco,Estados Unidos,No
105468,Juana,1716486412,46,270,False,False,...,Civil,Colfondos,...,Femenino,Islamabad,Pakistán,Si
105469,Orlando,1392550610,70,275,False,False,...,Civil,Old Mutual,...,Masculino,Beirut,Líbano,No
105470,Santiago,1292140146,36,508,True,False,...,Civil,Porvenir,...,Masculino,La Paz,Bolivia,Si
105471,Juan Villa,1685142377,67,792,False,False,...,Civil,Porvenir,...,Masculino,Cali,Colombia,No
105472,Felipe,1314504019,37,263,False,False,Publico,...,Armada,Porvenir,Masculino,Bangkok,Tailandia,Si
105473,David,1834578141,29,770,False,False,Publico,...,Inpec,Old Mutual,Masculino,Moscú,Rusia,No Si
105474,Anuel,1548985721,31,447,False,False,Publico,...,Inpec,Old Mutual,Masculino,Los Ángeles,Estados Unidos,No No
105475,Ariel,1550127507,62,438,False,False,Publico,...,Inpec,Old Mutual,Masculino,París,Francia,Si
105476,Ariel,1482215972,31,726,False,False,Publico,...,Inpec,Old Mutual,Masculino,Barcelona,España,No Si
105477,Dahiana,1277317462,40,235,False,False,Publico,...,Policia,Proteccion,Femenino,Santiago,Chile,No No
105478,Lucia,1265814676,61,716,False,False,Publico,...,Minsalud,...,Femenino,San Petersburgo,Rusia,Si
105479,Kelly,1572780427,49,813,False,False,Publico,...,Minsalud,...,Femenino,Islamabad,Pakistán,No
105480,Juliana,1857218625,33,434,False,False,Publico,...,Minterior,...,Femenino,Bombay,India,Si
105481,Juliana,1261336322,57,383,False,False,Publico,...,Minterior,...,Femenino,Tokio,Japón,No
105482,Felipe,1595346870,26,518,False,False,Publico,...,Armada,Colfondos,Masculino,Bogotá,Colombia,Si
105483,Nicolas,1558366773,42,376,False,False,...,Civil,Porvenir,...,Masculino,Madrid,España,No Si
105484,Espinoza,1936700564,50,841,False,False,...,Civil,Proteccion,...,Masculino,Lima,Perú,No No
105485,Paula,1145267520,43,603,False,False,...,Civil,Proteccion,...,Femenino,Santiago,Chile,Si
105486,Pancho,1231093247,49,508,False,False,...,Civil,Colfondos,...,Masculino,Dubái,Emiratos Árabes Unidos,No
105487,Juana,1896662985,53,542,False,False,...,Civil,Colfondos,...,Femenino,Taskent,Uzbekistán,Si
105488,Orlando,1950131216,26,168,False,False,...,Civil,Old Mutual,...,Masculino,Múnich,Alemania,No
105489,Santiago,1477695080,58,742,True,False,...,Civil,Porvenir,...,Masculino,Cali,Colombia,Si
105490,Juan Villa,1535520933,41,589,False,False,...,Civil,Porvenir,...,Masculino,Estambul,Turquía,No
105491,Felipe,1638067404,29,175,False,False,Publico,...,Armada,Porvenir,Masculino,Teherán,Irán,Si
105492,David,1872548750,39,841,False,False,Publico,...,Inpec,Old Mutual,Masculino,Barcelona,España,No Si
105493,Anuel,1154964924,26,688,False,False,Publico,...,Inpec,Old Mutual,Masculino,Bombay,India,No No
105494,Ariel,1300971446,64,165,False,False,Publico,...,Inpec,Old Mutual,Masculino,Almaty,Kazajistán,Si
105495,Ariel,1781168137,25,877,False,False,Publico,...,Inpec,Old Mutual,Masculino,Roma,Italia,No Si
105496,Dahiana,1675057207,32,759,False,False,Publico,...,Policia,Proteccion,Femenino,Amán,Jordania,No No
105497,Lucia,1988791740,28,518,False,False,Publico,...,Minsalud,...,Femenino,Almaty,Kazajistán,Si
105498,Kelly,1031631545,67,112,False,False,Publico,...,Minsalud,...,Femenino,Santiago,Chile,No
105499,Juliana,1375868100,68,352,False,False,Publico,...,Minterior,...,Femenino,Ashgabat,Turkmenistán,Si
105500,Juliana,1750376159,31,357,False,False,Publico,...,Minterior,...,Femenino,Dushanbe,Tayikistán,No
105501,Felipe,1777821837,36,233,False,False,Publico,...,Armada,Colfondos,Masculino,Cartagena,Colombia,Si
105502,Nicolas,1237274281,34,386,False,False,...,Civil,Porvenir,...,Masculino,Ashgabat,Turkmenistán,No Si
105503,Espinoza,1424744342,53,586,False,False,...,Civil,Proteccion,...,Masculino,Hanoi,Vietnam,No No
105504,Paula,1413274677,51,228,False,False,...,Civil,Proteccion,...,Femenino,Mashhad,Irán,Si
105505,Pancho,1080389765,54,710,False,False,...,Civil,Colfondos,...,Masculino,Tokio,Japón,No
105506,Juana,1598033929,47,150,False,False,...,Civil,Colfondos,...,Femenino,París,Francia,Si
105507,Orlando,1503654914,35,780,False,False,...,Civil,Old Mutual,...,Masculino,Mashhad,Irán,No
105508,Santiago,1072943271,51,327,True,False,...,Civil,Porvenir,...,Masculino,Moscú,Rusia,Si
105509,Juan Villa,1875419900,50,391,False,False,...,Civil,Porvenir,...,Masculino,Armenia,Colombia,No
105510,Felipe,1096405106,57,148,False,False,Publico,...,Armada,Porvenir,Masculino,Sídney,Australia,Si
105511,David,1095226458,49,763,False,False,Publico,...,Inpec,Old Mutual,Masculino,Los Ángeles,Estados Unidos,No Si
105512,Anuel,1599427287,65,586,False,False,Publico,...,Inpec,Old Mutual,Masculino,Kabul,Afganistán,No No
105513,Ariel,1750118893,45,383,False,False,Publico,...,Inpec,Old Mutual,Masculino,Delhi,India,Si
105514,Ariel,1716935139,60,571,False,False,Publico,...,Inpec,Old Mutual,Masculino,Ciudad de México,México,No Si
105515,Dahiana,1646874193,50,266,False,False,Publico,...,Policia,Proteccion,Femenino,Amán,Jordania,No No
105516,Lucia,1221277152,33,406,False,False,Publico,...,Minsalud,...,Femenino,Madrid,España,Si
105517,Kelly,1198113030,48,823,False,False,Publico,...,Minsalud,...,Femenino,Kuwait,Kuwait,No
105518,Juliana,1481232527,38,419,False,False,Publico,...,Minterior,...,Femenino,Barcelona,España,Si
105519,Juliana,1571109462,68,762,False,False,Publico,...,Minterior,...,Femenino,Múnich,Alemania,No
105520,Felipe,1209158124,61,205,False,False,Publico,...,Armada,Colfondos,Masculino,Berlín,Alemania,Si
105521,Nicolas,1491285085,70,481,False,False,...,Civil,Porvenir,...,Masculino,Londres,Reino Unido,No Si
105522,Espinoza,1204083346,41,671,False,False,...,Civil,Proteccion,...,Masculino,Amán,Jordania,No No
105523,Paula,1208766544,46,842,False,False,...,Civil,Proteccion,...,Femenino,Sídney,Australia,Si
105524,Pancho,1918404397,61,794,False,False,...,Civil,Colfondos,...,Masculino,Karachi,Pakistán,No
105525,Juana,1102569986,43,191,False,False,...,Civil,Colfondos,...,Femenino,Londres,Reino Unido,Si
105526,Orlando,1840028055,37,357,False,False,...,Civil,Old Mutual,...,Masculino,Quito,Ecuador,No
105527,Santiago,1610807911,40,229,True,False,...,Civil,Porvenir,...,Masculino,Moscú,Rusia,Si
105528,Juan Villa,1812750612,70,742,False,False,...,Civil,Porvenir,...,Masculino,Londres,Reino Unido,No
105529,Felipe,1469134721,50,338,False,False,Publico,...,Armada,Porvenir,Masculino,París,Francia,Si
105530,David,1677507931,45,892,False,False,Publico,...,Inpec,Old Mutual,Masculino,Amán,Jordania,No Si
105531,Anuel,1084829830,26,765,False,False,Publico,...,Inpec,Old Mutual,Masculino,Londres,Reino Unido,No No
105532,Ariel,1105180507,39,496,False,False,Publico,...,Inpec,Old Mutual,Masculino,Londres,Reino Unido,Si
105533,Ariel,1406961001,36,105,False,False,Publico,...,Inpec,Old Mutual,Masculino,Seúl,Corea del Sur,No Si
105534,Dahiana,1911416093,37,173,False,False,Publico,...,Policia,Proteccion,Femenino,Medellín,Colombia,No No
105535,Lucia,1207906793,42,144,False,False,Publico,...,Minsalud,...,Femenino,Moscú,Rusia,Si
105536,Kelly,1435617252,64,866,False,False,Publico,...,Minsalud,...,Femenino,Santiago,Chile,No
105537,Juliana,1294112529,52,675,False,False,Publico,...,Minterior,...,Femenino,Bombay,India,Si
105538,Juliana,1836996764,38,191,False,False,Publico,...,Minterior,...,Femenino,Quito,Ecuador,No
105539,Felipe,1184879156,29,668,False,False,Publico,...,Armada,Colfondos,Masculino,Quito,Ecuador,Si
105540,Nicolas,1729810845,65,527,False,False,...,Civil,Porvenir,...,Masculino,Quito,Ecuador,No Si
105541,Espinoza,1261245412,61,103,False,False,...,Civil,Proteccion,...,Masculino,Almaty,Kazajistán,No No
105542,Paula,1933881546,54,560,False,False,...,Civil,Proteccion,...,Femenino,Kabul,Afganistán,Si
105543,Pancho,1883964277,43,744,False,False,...,Civil,Colfondos,...,Masculino,Santiago,Chile,No
105544,Juana,1000527315,56,562,False,False,...,Civil,Colfondos,...,Femenino,Dushanbe,Tayikistán,Si
105545,Orlando,1625105789,46,716,False,False,...,Civil,Old Mutual,...,Masculino,San Francisco,Estados Unidos,No
105546,Santiago,1468157608,62,548,True,False,...,Civil,Porvenir,...,Masculino,Berlín,Alemania,Si
105547,Juan Villa,1982888042,30,876,False,False,...,Civil,Porvenir,...,Masculino,San Francisco,Estados Unidos,No
105548,Felipe,1365783596,62,591,False,False,Publico,...,Armada,Porvenir,Masculino,Quito,Ecuador,Si
105549,David,1707242022,37,575,False,False,Publico,...,Inpec,Old Mutual,Masculino,Buenos Aires,Argentina,No Si
105550,Anuel,1207425762,64,747,False,False,Publico,...,Inpec,Old Mutual,Masculino,Dushanbe,Tayikistán,No No
105551,Ariel,1341945616,62,364,False,False,Publico,...,Inpec,Old Mutual,Masculino,Islamabad,Pakistán,Si
105552,Ariel,1596200969,27,330,False,False,Publico,...,Inpec,Old Mutual,Masculino,Roma,Italia,No Si
105553,Dahiana,1177655310,68,522,False,False,Publico,...,Policia,Proteccion,Femenino,Dubái,Emiratos Árabes Unidos,No No
105554,Lucia,1306238794,60,523,False,False,Publico,...,Minsalud,...,Femenino,Bogotá,Colombia,Si
105555,Kelly,1768506499,37,122,False,False,Publico,...,Minsalud,...,Femenino,Londres,Reino Unido,No
105556,Juliana,1205024644,60,196,False,False,Publico,...,Minterior,...,Femenino,Medellín,Colombia,Si
105557,Juliana,1795217547,25,506,False,False,Publico,...,Minterior,...,Femenino,Almaty,Kazajistán,No
105558,Felipe,1320519396,33,151,False,False,Publico,...,Armada,Colfondos,Masculino,Ciudad de México,México,Si
105559,Nicolas,1838696761,49,722,False,False,...,Civil,Porvenir,...,Masculino,Dushanbe,Tayikistán,No Si
105560,Espinoza,1231297637,48,688,False,False,...,Civil,Proteccion,...,Masculino,Riad,Arabia Saudita,No No
105561,Paula,1703167646,32,285,False,False,...,Civil,Proteccion,...,Femenino,Tokio,Japón,Si
105562,Pancho,1514866535,31,106,False,False,...,Civil,Colfondos,...,Masculino,París,Francia,No
105563,Juana,1150576597,67,647,False,False,...,Civil,Colfondos,...,Femenino,Dubái,Emiratos Árabes Unidos,Si
105564,Orlando,1002789676,46,736,False,False,...,Civil,Old Mutual,...,Masculino,Beirut,Líbano,No
105565,Santiago,1501632696,38,637,True,False,...,Civil,Porvenir,...,Masculino,Ashgabat,Turkmenistán,Si
105566,Juan Villa,1698115962,52,738,False,False,...,Civil,Porvenir,...,Masculino,Múnich,Alemania,No
105567,Felipe,1932391431,28,770,False,False,Publico,...,Armada,Porvenir,Masculino,Barcelona,España,Si
105568,David,1347853698,70,241,False,False,Publico,...,Inpec,Old Mutual,Masculino,Barcelona,España,No Si
105569,Anuel,1695551857,60,582,False,False,Publico,...,Inpec,Old Mutual,Masculino,Quito,Ecuador,No No
105570,Ariel,1769044909,44,482,False,False,Publico,...,Inpec,Old Mutual,Masculino,Taskent,Uzbekistán,Si
105571,Ariel,1773965441,52,545,False,False,Publico,...,Inpec,Old Mutual,Masculino,Ashgabat,Turkmenistán,No Si
105572,Dahiana,1679818881,34,666,False,False,Publico,...,Policia,Proteccion,Femenino,Cali,Colombia,No No
105573,Lucia,1722480597,70,741,False,False,Publico,...,Minsalud,...,Femenino,Hanoi,Vietnam,Si
105574,Kelly,1350005871,52,642,False,False,Publico,...,Minsalud,...,Femenino,Lima,Perú,No
105575,Juliana,1120448409,38,736,False,False,Publico,...,Minterior,...,Femenino,Seúl,Corea del Sur,Si
105576,Juliana,1752577905,65,819,False,False,Publico,...,Minterior,...,Femenino,Kabul,Afganistán,No
105577,Felipe,1336434325,33,347,False,False,Publico,...,Armada,Colfondos,Masculino,Melbourne,Australia,Si
105578,Nicolas,1208420843,46,222,False,False,...,Civil,Porvenir,...,Masculino,Medellín,Colombia,No Si
105579,Espinoza,1349811980,34,891,False,False,...,Civil,Proteccion,...,Masculino,Seúl,Corea del Sur,No No
105580,Paula,1419964385,65,447,False,False,...,Civil,Proteccion,...,Femenino,Roma,Italia,Si
105581,Pancho,1650048046,57,285,False,False,...,Civil,Colfondos,...,Masculino,Astana,Kazajistán,No
105582,Juana,1154521395,70,349,False,False,...,Civil,Colfondos,...,Femenino,Teherán,Irán,Si
105583,Orlando,1382080803,38,651,False,False,...,Civil,Old Mutual,...,Masculino,Roma,Italia,No
105584,Santiago,1728324613,30,109,True,False,...,Civil,Porvenir,...,Masculino,Milán,Italia,Si
105585,Juan Villa,1915077017,55,224,False,False,...,Civil,Porvenir,...,Masculino,Dushanbe,Tayikistán,No
105586,Felipe,1504454796,46,358,False,False,Publico,...,Armada,Porvenir,Masculino,Amán,Jordania,Si
105587,David,1415190018,26,172,False,False,Publico,...,Inpec,Old Mutual,Masculino,Quito,Ecuador,No Si
105588,Anuel,1811131254,43,660,False,False,Publico,...,Inpec,Old Mutual,Masculino,Ashgabat,Turkmenistán,No No
105589,Ariel,1074550204,66,684,False,False,Publico,...,Inpec,Old Mutual,Masculino,Medellín,Colombia,Si
105590,Ariel,1577470985,32,666,False,False,Publico,...,Inpec,Old Mutual,Masculino,La Paz,Bolivia,No Si
105591,Dahiana,1574061156,46,853,False,False,Publico,...,Policia,Proteccion,Femenino,Quito,Ecuador,No No
105592,Lucia,1426306836,54,692,False,False,Publico,...,Minsalud,...,Femenino,Ashgabat,Turkmenistán,Si
105593,Kelly,1222702573,55,580,False,False,Publico,...,Minsalud,...,Femenino,Tokio,Japón,No
105594,Juliana,1121075714,26,472,False,False,Publico,...,Minterior,...,Femenino,Beirut,Líbano,Si
105595,Juliana,1113953453,30,510,False,False,Publico,...,Minterior,...,Femenino,Monterrey,México,No
105596,Felipe,1767877448,29,734,False,False,Publico,...,Armada,Colfondos,Masculino,Los Ángeles,Estados Unidos,Si
105597,Nicolas,1300507821,33,535,False,False,...,Civil,Porvenir,...,Masculino,Bangkok,Tailandia,No Si
105598,Espinoza,1669643034,27,550,False,False,...,Civil,Proteccion,...,Masculino,Bombay,India,No No
105599,Paula,1504090127,36,616,False,False,...,Civil,Proteccion,...,Femenino,Monterrey,México,Si
105600,Pancho,1913750390,55,649,False,False,...,Civil,Colfondos,...,Masculino,Ciudad de México,México,No
105601,Juana,1410354753,61,868,False,False,...,Civil,Colfondos,...,Femenino,Barcelona,España,Si
105602,Orlando,1175285501,45,737,False,False,...,Civil,Old Mutual,...,Masculino,Amán,Jordania,No
105603,Santiago,1600271509,43,299,True,False,...,Civil,Porvenir,...,Masculino,Seúl,Corea del Sur,Si
105604,Juan Villa,1905527842,65,895,False,False,...,Civil,Porvenir,...,Masculino,Taskent,Uzbekistán,No
105605,Felipe,1161944876,45,300,False,False,Publico,...,Armada,Porvenir,Masculino,Moscú,Rusia,Si
105606,David,1000126344,67,367,False,False,Publico,...,Inpec,Old Mutual,Masculino,Santiago,Chile,No Si
105607,Anuel,1283046006,67,254,False,False,Publico,...,Inpec,Old Mutual,Masculino,Osaka,Japón,No No
105608,Ariel,1395857002,48,532,False,False,Publico,...,Inpec,Old Mutual,Masculino,Nueva York,Estados Unidos,Si
105609,Ariel,1787684151,62,286,False,False,Publico,...,Inpec,Old Mutual,Masculino,Moscú,Rusia,No Si
105610,Dahiana,1459217170,59,622,False,False,Publico,...,Policia,Proteccion,Femenino,Estambul,Turquía,No No
105611,Lucia,1234972898,29,798,False,False,Publico,...,Minsalud,...,Femenino,Amán,Jordania,Si
105612,Kelly,1685288576,48,549,False,False,Publico,...,Minsalud,...,Femenino,Monterrey,México,No
105613,Juliana,1972938676,38,189,False,False,Publico,...,Minterior,...,Femenino,Berlín,Alemania,Si
105614,Juliana,1178466876,50,772,False,False,Publico,...,Minterior,...,Femenino,Armenia,Colombia,No
105615,Felipe,1034443686,41,738,False,False,Publico,...,Armada,Colfondos,Masculino,Mashhad,Irán,Si
105616,Nicolas,1297037861,64,148,False,False,...,Civil,Porvenir,...,Masculino,Armenia,Colombia,No Si
105617,Espinoza,1659134661,40,882,False,False,...,Civil,Proteccion,...,Masculino,Monterrey,México,No No
105618,Paula,1191789736,38,181,False,False,...,Civil,Proteccion,...,Femenino,La Paz,Bolivia,Si
105619,Pancho,1401485151,66,338,False,False,...,Civil,Colfondos,...,Masculino,Moscú,Rusia,No
105620,Juana,1750783292,54,127,False,False,...,Civil,Colfondos,...,Femenino,Moscú,Rusia,Si
105621,Orlando,1262274302,54,178,False,False,...,Civil,Old Mutual,...,Masculino,Melbourne,Australia,No
105622,Santiago,1673420589,36,122,True,False,...,Civil,Porvenir,...,Masculino,Bombay,India,Si
105623,Juan Villa,1181570042,57,818,False,False,...,Civil,Porvenir,...,Masculino,Milán,Italia,No
105624,Felipe,1799882185,33,653,False,False,Publico,...,Armada,Porvenir,Masculino,Melbourne,Australia,Si
105625,David,1049358986,26,865,False,False,Publico,...,Inpec,Old Mutual,Masculino,Cartagena,Colombia,No Si
105626,Anuel,1331674126,33,384,False,False,Publico,...,Inpec,Old Mutual,Masculino,Bangkok,Tailandia,No No
105627,Ariel,1413961491,29,470,False,False,Publico,...,Inpec,Old Mutual,Masculino,Monterrey,México,Si
105628,Ariel,1277867367,35,697,False,False,Publico,...,Inpec,Old Mutual,Masculino,Quito,Ecuador,No Si
105629,Dahiana,1615172739,43,669,False,False,Publico,...,Policia,Proteccion,Femenino,Almaty,Kazajistán,No No
105630,Lucia,1685678304,39,811,False,False,Publico,...,Minsalud,...,Femenino,Roma,Italia,Si
105631,Kelly,1503740940,49,833,False,False,Publico,...,Minsalud,...,Femenino,Ashgabat,Turkmenistán,No
105632,Juliana,1931388979,70,334,False,False,Publico,...,Minterior,...,Femenino,San Petersburgo,Rusia,Si
105633,Juliana,1741633721,66,114,False,False,Publico,...,Minterior,...,Femenino,Moscú,Rusia,No
105634,Felipe,1014707777,49,730,False,False,Publico,...,Armada,Colfondos,Masculino,Kabul,Afganistán,Si
105635,Nicolas,1064040875,54,578,False,False,...,Civil,Porvenir,...,Masculino,Múnich,Alemania,No Si
105636,Espinoza,1201112169,32,730,False,False,...,Civil,Proteccion,...,Masculino,Ciudad de México,México,No No
105637,Paula,1809447509,44,814,False,False,...,Civil,Proteccion,...,Femenino,Santiago,Chile,Si
105638,Pancho,1570453650,49,749,False,False,...,Civil,Colfondos,...,Masculino,Dubái,Emiratos Árabes Unidos,No
105639,Juana,1960768495,70,105,False,False,...,Civil,Colfondos,...,Femenino,Astana,Kazajistán,Si
105640,Orlando,1285175184,59,498,False,False,...,Civil,Old Mutual,...,Masculino,Los Ángeles,Estados Unidos,No
105641,Santiago,1932430284,52,550,True,False,...,Civil,Porvenir,...,Masculino,Mashhad,Irán,Si
105642,Juan Villa,1157390214,39,345,False,False,...,Civil,Porvenir,...,Masculino,Cali,Colombia,No
105643,Felipe,1642273700,56,249,False,False,Publico,...,Armada,Porvenir,Masculino,Ashgabat,Turkmenistán,Si
105644,David,1970919344,52,774,False,False,Publico,...,Inpec,Old Mutual,Masculino,Berlín,Alemania,No Si
105645,Anuel,1050029808,41,112,False,False,Publico,...,Inpec,Old Mutual,Masculino,Bogotá,Colombia,No No
105646,Ariel,1879010047,46,889,False,False,Publico,...,Inpec,Old Mutual,Masculino,San Francisco,Estados Unidos,Si
105647,Ariel,1392927060,43,167,False,False,Publico,...,Inpec,Old Mutual,Masculino,Bombay,India,No Si
105648,Dahiana,1193503091,60,486,False,False,Publico,...,Policia,Proteccion,Femenino,Kabul,Afganistán,No No
105649,Lucia,1672044158,27,281,False,False,Publico,...,Minsalud,...,Femenino,Hanoi,Vietnam,Si
105650,Kelly,1100278614,31,361,False,False,Publico,...,Minsalud,...,Femenino,Quito,Ecuador,No
105651,Juliana,1188092604,46,856,False,False,Publico,...,Minterior,...,Femenino,Kuwait,Kuwait,Si
105652,Juliana,1594946499,33,334,False,False,Publico,...,Minterior,...,Femenino,Ciudad de México,México,No
105653,Felipe,1382443285,57,187,False,False,Publico,...,Armada,Colfondos,Masculino,Lima,Perú,Si
105654,Nicolas,1286650674,25,597,False,False,...,Civil,Porvenir,...,Masculino,Dubái,Emiratos Árabes Unidos,No Si
105655,Espinoza,1795342312,29,422,False,False,...,Civil,Proteccion,...,Masculino,Teherán,Irán,No No
105656,Paula,1516619508,47,895,False,False,...,Civil,Proteccion,...,Femenino,Dushanbe,Tayikistán,Si
105657,Pancho,1663065961,64,205,False,False,...,Civil,Colfondos,...,Masculino,Roma,Italia,No
105658,Juana,1002433986,69,229,False,False,...,Civil,Colfondos,...,Femenino,Astana,Kazajistán,Si
105659,Orlando,1944493271,28,805,False,False,...,Civil,Old Mutual,...,Masculino,Seúl,Corea del Sur,No
105660,Santiago,1918762468,49,497,True,False,...,Civil,Porvenir,...,Masculino,Mashhad,Irán,Si
105661,Juan Villa,1806605127,59,821,False,False,...,Civil,Porvenir,...,Masculino,Nueva York,Estados Unidos,No
105662,Felipe,1045279521,49,442,False,False,Publico,...,Armada,Porvenir,Masculino,Londres,Reino Unido,Si
105663,David,1258739769,66,868,False,False,Publico,...,Inpec,Old Mutual,Masculino,Buenos Aires,Argentina,No Si
105664,Anuel,1813456527,64,591,False,False,Publico,...,Inpec,Old Mutual,Masculino,Cali,Colombia,No No
105665,Ariel,1628938063,28,462,False,False,Publico,...,Inpec,Old Mutual,Masculino,La Paz,Bolivia,Si
105666,Ariel,1637855283,65,458,False,False,Publico,...,Inpec,Old Mutual,Masculino,Los Ángeles,Estados Unidos,No Si
105667,Dahiana,1188519335,41,739,False,False,Publico,...,Policia,Proteccion,Femenino,Bangkok,Tailandia,No No
105668,Lucia,1083131306,33,109,False,False,Publico,...,Minsalud,...,Femenino,Cartagena,Colombia,Si
105669,Kelly,1522858696,45,750,False,False,Publico,...,Minsalud,...,Femenino,Mashhad,Irán,No
105670,Juliana,1297789082,61,713,False,False,Publico,...,Minterior,...,Femenino,Moscú,Rusia,Si
105671,Juliana,1607049984,55,781,False,False,Publico,...,Minterior,...,Femenino,Karachi,Pakistán,No
105672,Felipe,1516614553,69,145,False,False,Publico,...,Armada,Colfondos,Masculino,Milán,Italia,Si
105673,Nicolas,1231290484,61,667,False,False,...,Civil,Porvenir,...,Masculino,Roma,Italia,No Si
105674,Espinoza,1886188932,49,523,False,False,...,Civil,Proteccion,...,Masculino,Cartagena,Colombia,No No
105675,Paula,1205330195,52,344,False,False,...,Civil,Proteccion,...,Femenino,Mashhad,Irán,Si
105676,Pancho,1396922521,52,237,False,False,...,Civil,Colfondos,...,Masculino,Beirut,Líbano,No
105677,Juana,1213887885,70,180,False,False,...,Civil,Colfondos,...,Femenino,Cartagena,Colombia,Si
105678,Orlando,1418822963,51,652,False,False,...,Civil,Old Mutual,...,Masculino,La Paz,Bolivia,No
105679,Santiago,1050844490,29,263,True,False,...,Civil,Porvenir,...,Masculino,Abu Dhabi,Emiratos Árabes Unidos,Si
105680,Juan Villa,1455047582,40,144,False,False,...,Civil,Porvenir,...,Masculino,Bangkok,Tailandia,No
105681,Felipe,1161940482,40,708,False,False,Publico,...,Armada,Porvenir,Masculino,Monterrey,México,Si
105682,David,1161204618,45,652,False,False,Publico,...,Inpec,Old Mutual,Masculino,Moscú,Rusia,No Si
105683,Anuel,1457082155,47,250,False,False,Publico,...,Inpec,Old Mutual,Masculino,Medellín,Colombia,No No
105684,Ariel,1117229198,59,896,False,False,Publico,...,Inpec,Old Mutual,Masculino,Sídney,Australia,Si
105685,Ariel,1246234745,32,766,False,False,Publico,...,Inpec,Old Mutual,Masculino,Berlín,Alemania,No Si
105686,Dahiana,1364326929,44,366,False,False,Publico,...,Policia,Proteccion,Femenino,Melbourne,Australia,No No
105687,Lucia,1213342076,54,364,False,False,Publico,...,Minsalud,...,Femenino,Beirut,Líbano,Si
105688,Kelly,1158986621,61,422,False,False,Publico,...,Minsalud,...,Femenino,San Francisco,Estados Unidos,No
105689,Juliana,1541667137,56,727,False,False,Publico,...,Minterior,...,Femenino,Dushanbe,Tayikistán,Si
105690,Juliana,1043331694,38,144,False,False,Publico,...,Minterior,...,Femenino,Bogotá,Colombia,No
105691,Felipe,1349083693,40,670,False,False,Publico,...,Armada,Colfondos,Masculino,Abu Dhabi,Emiratos Árabes Unidos,Si
105692,Nicolas,1233810341,54,517,False,False,...,Civil,Porvenir,...,Masculino,Astana,Kazajistán,No Si
105693,Espinoza,1655945144,33,372,False,False,...,Civil,Proteccion,...,Masculino,Hanoi,Vietnam,No No
105694,Paula,1947694741,46,712,False,False,...,Civil,Proteccion,...,Femenino,Mashhad,Irán,Si
105695,Pancho,1070629091,34,858,False,False,...,Civil,Colfondos,...,Masculino,Los Ángeles,Estados Unidos,No
105696,Juana,1664493271,68,446,False,False,...,Civil,Colfondos,...,Femenino,Seúl,Corea del Sur,Si
105697,Orlando,1774419632,63,565,False,False,...,Civil,Old Mutual,...,Masculino,Bombay,India,No
105698,Santiago,1507987045,46,129,True,False,...,Civil,Porvenir,...,Masculino,Hanoi,Vietnam,Si
105699,Juan Villa,1459083136,44,892,False,False,...,Civil,Porvenir,...,Masculino,Roma,Italia,No
105700,Felipe,1261702206,26,452,False,False,Publico,...,Armada,Porvenir,Masculino,Melbourne,Australia,Si
105701,David,1391237491,50,195,False,False,Publico,...,Inpec,Old Mutual,Masculino,Amán,Jordania,No Si
105702,Anuel,1027379982,68,272,False,False,Publico,...,Inpec,Old Mutual,Masculino,Medellín,Colombia,No No
105703,Ariel,1552148176,70,527,False,False,Publico,...,Inpec,Old Mutual,Masculino,Dushanbe,Tayikistán,Si
105704,Ariel,1106013601,42,249,False,False,Publico,...,Inpec,Old Mutual,Masculino,Barcelona,España,No Si
105705,Dahiana,1418502658,49,623,False,False,Publico,...,Policia,Proteccion,Femenino,Doha,Catar,No No
105706,Lucia,1797996081,54,167,False,False,Publico,...,Minsalud,...,Femenino,Buenos Aires,Argentina,Si
105707,Kelly,1329162685,54,681,False,False,Publico,...,Minsalud,...,Femenino,Karachi,Pakistán,No
105708,Juliana,1474966037,25,540,False,False,Publico,...,Minterior,...,Femenino,Berlín,Alemania,Si
105709,Juliana,1919578254,26,313,False,False,Publico,...,Minterior,...,Femenino,Bombay,India,No
105710,Felipe,1413217569,37,117,False,False,Publico,...,Armada,Colfondos,Masculino,Islamabad,Pakistán,Si
105711,Nicolas,1789880612,59,147,False,False,...,Civil,Porvenir,...,Masculino,Kabul,Afganistán,No Si
105712,Espinoza,1278665621,46,674,False,False,...,Civil,Proteccion,...,Masculino,Buenos Aires,Argentina,No No
105713,Paula,1446018681,59,510,False,False,...,Civil,Proteccion,...,Femenino,París,Francia,Si
105714,Pancho,1291622397,49,775,False,False,...,Civil,Colfondos,...,Masculino,Bombay,India,No
105715,Juana,1458901194,45,721,False,False,...,Civil,Colfondos,...,Femenino,Barcelona,España,Si
105716,Orlando,1318180337,61,744,False,False,...,Civil,Old Mutual,...,Masculino,Medellín,Colombia,No
105717,Santiago,1736188118,68,674,True,False,...,Civil,Porvenir,...,Masculino,Bangkok,Tailandia,Si
105718,Juan Villa,1770288662,64,306,False,False,...,Civil,Porvenir,...,Masculino,Lima,Perú,No
105719,Felipe,1150766925,35,459,False,False,Publico,...,Armada,Porvenir,Masculino,Doha,Catar,Si
105720,David,1100888523,37,158,False,False,Publico,...,Inpec,Old Mutual,Masculino,Almaty,Kazajistán,No Si
105721,Anuel,1847979116,58,747,False,False,Publico,...,Inpec,Old Mutual,Masculino,Monterrey,México,No No
105722,Ariel,1508315144,29,347,False,False,Publico,...,Inpec,Old Mutual,Masculino,Kuwait,Kuwait,Si
105723,Ariel,1881718378,46,496,False,False,Publico,...,Inpec,Old Mutual,Masculino,Astana,Kazajistán,No Si
105724,Dahiana,1741860735,38,225,False,False,Publico,...,Policia,Proteccion,Femenino,Abu Dhabi,Emiratos Árabes Unidos,No No
105725,Lucia,1448169582,41,456,False,False,Publico,...,Minsalud,...,Femenino,Beirut,Líbano,Si
105726,Kelly,1531501314,43,314,False,False,Publico,...,Minsalud,...,Femenino,Kabul,Afganistán,No
105727,Juliana,1885019269,45,602,False,False,Publico,...,Minterior,...,Femenino,Islamabad,Pakistán,Si
105728,Juliana,1598379931,43,438,False,False,Publico,...,Minterior,...,Femenino,Karachi,Pakistán,No
105729,Felipe,1340504853,42,564,False,False,Publico,...,Armada,Colfondos,Masculino,San Petersburgo,Rusia,Si
105730,Nicolas,1917156598,36,263,False,False,...,Civil,Porvenir,...,Masculino,La Paz,Bolivia,No Si
105731,Espinoza,1347997108,64,849,False,False,...,Civil,Proteccion,...,Masculino,Madrid,España,No No
105732,Paula,1072253894,30,514,False,False,...,Civil,Proteccion,...,Femenino,Ashgabat,Turkmenistán,Si
105733,Pancho,1104409607,29,776,False,False,...,Civil,Colfondos,...,Masculino,Dubái,Emiratos Árabes Unidos,No
105734,Juana,1005362709,35,165,False,False,...,Civil,Colfondos,...,Femenino,Santiago,Chile,Si
105735,Orlando,1930182157,43,775,False,False,...,Civil,Old Mutual,...,Masculino,Kabul,Afganistán,No
